6.129918e-03
1.225961e-02
1.838883e-02
2.451737e-02
3.064498e-02
3.677144e-02
4.289653e-02
4.902000e-02
5.514162e-02
6.126118e-02
6.737843e-02
7.349315e-02
7.960511e-02
8.571408e-02
9.181983e-02
9.792213e-02
1.040207e-01
1.101155e-01
1.162060e-01
1.222922e-01
1.283738e-01
1.344506e-01
1.405224e-01
1.465888e-01
1.526498e-01
1.587050e-01
1.647542e-01
1.707973e-01
1.768339e-01
1.828639e-01
1.888870e-01
1.949030e-01
2.009117e-01
2.069129e-01
2.129063e-01
2.188917e-01
2.248688e-01
2.308375e-01
2.367975e-01
2.427487e-01
2.486907e-01
2.546233e-01
2.605464e-01
2.664597e-01
2.723630e-01
2.782561e-01
2.841387e-01
2.900106e-01
2.958716e-01
3.017215e-01
3.075601e-01
3.133871e-01
3.192024e-01
3.250056e-01
3.307967e-01
3.365753e-01
3.423412e-01
3.480943e-01
3.538343e-01
3.595610e-01
3.652742e-01
3.709737e-01
3.766593e-01
3.823306e-01
3.879877e-01
3.936301e-01
3.992578e-01
4.048704e-01
4.104678e-01
4.160498e-01
4.216162e-01
4.271668e-01
4.327012e-01
4.382195e-01
4.437212e-01
4.492063e-01
4.546745e-01
4.601256e-01
4.655595e-01
4.709758e-01
4.763744e-01
4.817552e-01
4.871178e-01
4.924622e-01
4.977880e-01
5.030951e-01
5.083833e-01
5.136524e-01
5.189023e-01
5.241326e-01
5.293432e-01
5.345339e-01
5.397046e-01
5.448549e-01
5.499848e-01
5.550940e-01
5.601824e-01
5.652497e-01
5.702958e-01
5.753205e-01
5.803235e-01
5.853047e-01
5.902639e-01
5.952010e-01
6.001157e-01
6.050078e-01
6.098772e-01
6.147237e-01
6.195471e-01
6.243472e-01
6.291238e-01
6.338769e-01
6.386060e-01
6.433112e-01
6.479922e-01
6.526489e-01
6.572811e-01
6.618885e-01
6.664711e-01
6.710286e-01
6.755609e-01
6.800679e-01
6.845492e-01
6.890049e-01
6.934347e-01
6.978384e-01
7.022159e-01
7.065670e-01
7.108915e-01
7.151894e-01
7.194603e-01
7.237043e-01
7.279210e-01
7.321104e-01
7.362723e-01
7.404065e-01
7.445128e-01
7.485913e-01
7.526415e-01
7.566635e-01
7.606571e-01
7.646221e-01
7.685583e-01
7.724657e-01
7.763441e-01
7.801932e-01
7.840131e-01
7.878035e-01
7.915643e-01
7.952954e-01
7.989965e-01
8.026677e-01
8.063087e-01
8.099194e-01
8.134996e-01
8.170493e-01
8.205683e-01
8.240564e-01
8.275136e-01
8.309397e-01
8.343346e-01
8.376981e-01
8.410301e-01
8.443306e-01
8.475993e-01
8.508361e-01
8.540410e-01
8.572138e-01
8.603544e-01
8.634627e-01
8.665385e-01
8.695817e-01
8.725923e-01
8.755701e-01
8.785150e-01
8.814269e-01
8.843056e-01
8.871512e-01
8.899634e-01
8.927421e-01
8.954873e-01
8.981989e-01
9.008767e-01
9.035206e-01
9.061306e-01
9.087066e-01
9.112484e-01
9.137560e-01
9.162292e-01
9.186680e-01
9.210723e-01
9.234420e-01
9.257769e-01
9.280771e-01
9.303425e-01
9.325728e-01
9.347681e-01
9.369283e-01
9.390533e-01
9.411430e-01
9.431973e-01
9.452162e-01
9.471996e-01
9.491474e-01
9.510595e-01
9.529359e-01
9.547764e-01
9.565811e-01
9.583499e-01
9.600826e-01
9.617793e-01
9.634398e-01
9.650641e-01
9.666522e-01
9.682039e-01
9.697193e-01
9.711982e-01
9.726406e-01
9.740465e-01
9.754158e-01
9.767484e-01
9.780443e-01
9.793035e-01
9.805259e-01
9.817114e-01
9.828600e-01
9.839717e-01
9.850465e-01
9.860842e-01
9.870849e-01
9.880484e-01
9.889749e-01
9.898642e-01
9.907162e-01
9.915311e-01
9.923087e-01
9.930490e-01
9.937520e-01
9.944177e-01
9.950460e-01
9.956369e-01
9.961904e-01
9.967065e-01
9.971851e-01
9.976262e-01
9.980299e-01
9.983960e-01
9.987246e-01
9.990157e-01
9.992693e-01
9.994853e-01
9.996638e-01
9.998047e-01
9.999080e-01
9.999738e-01
1.000002e+00
9.999926e-01
9.999456e-01
9.998610e-01
9.997389e-01
9.995793e-01
9.993820e-01
9.991472e-01
9.988749e-01
9.985650e-01
9.982176e-01
9.978327e-01
9.974103e-01
9.969504e-01
9.964531e-01
9.959183e-01
9.953461e-01
9.947365e-01
9.940895e-01
9.934052e-01
9.926835e-01
9.919246e-01
9.911283e-01
9.902949e-01
9.894242e-01
9.885163e-01
9.875713e-01
9.865892e-01
9.855700e-01
9.845137e-01
9.834205e-01
9.822903e-01
9.811232e-01
9.799193e-01
9.786785e-01
9.774010e-01
9.760867e-01
9.747357e-01
9.733481e-01
9.719240e-01
9.704633e-01
9.689662e-01
9.674326e-01
9.658627e-01
9.642565e-01
9.626141e-01
9.609355e-01
9.592208e-01
9.574700e-01
9.556833e-01
9.538606e-01
9.520022e-01
9.501079e-01
9.481779e-01
9.462124e-01
9.442112e-01
9.421746e-01
9.401026e-01
9.379952e-01
9.358526e-01
9.336749e-01
9.314620e-01
9.292142e-01
9.269314e-01
9.246138e-01
9.222615e-01
9.198745e-01
9.174529e-01
9.149969e-01
9.125065e-01
9.099818e-01
9.074229e-01
9.048299e-01
9.022029e-01
8.995420e-01
8.968473e-01
8.941189e-01
8.913569e-01
8.885614e-01
8.857326e-01
8.828704e-01
8.799751e-01
8.770467e-01
8.740853e-01
8.710911e-01
8.680642e-01
8.650046e-01
8.619126e-01
8.587882e-01
8.556315e-01
8.524426e-01
8.492217e-01
8.459689e-01
8.426843e-01
8.393681e-01
8.360203e-01
8.326411e-01
8.292306e-01
8.257889e-01
8.223162e-01
8.188126e-01
8.152783e-01
8.117133e-01
8.081178e-01
8.044919e-01
8.008359e-01
7.971497e-01
7.934336e-01
7.896876e-01
7.859120e-01
7.821069e-01
7.782723e-01
7.744085e-01
7.705157e-01
7.665938e-01
7.626432e-01
7.586639e-01
7.546561e-01
7.506199e-01
7.465556e-01
7.424631e-01
7.383428e-01
7.341948e-01
7.300191e-01
7.258160e-01
7.215857e-01
7.173282e-01
7.130438e-01
7.087326e-01
7.043947e-01
7.000304e-01
6.956398e-01
6.912230e-01
6.867803e-01
6.823118e-01
6.778176e-01
6.732979e-01
6.687530e-01
6.641829e-01
6.595879e-01
6.549681e-01
6.503236e-01
6.456548e-01
6.409616e-01
6.362444e-01
6.315033e-01
6.267385e-01
6.219501e-01
6.171383e-01
6.123033e-01
6.074454e-01
6.025646e-01
5.976611e-01
5.927353e-01
5.877871e-01
5.828168e-01
5.778247e-01
5.728108e-01
5.677754e-01
5.627187e-01
5.576409e-01
5.525420e-01
5.474224e-01
5.422823e-01
5.371218e-01
5.319411e-01
5.267404e-01
5.215199e-01
5.162798e-01
5.110203e-01
5.057416e-01
5.004439e-01
4.951274e-01
4.897923e-01
4.844388e-01
4.790671e-01
4.736773e-01
4.682698e-01
4.628447e-01
4.574022e-01
4.519425e-01
4.464659e-01
4.409724e-01
4.354624e-01
4.299360e-01
4.243935e-01
4.188350e-01
4.132608e-01
4.076710e-01
4.020660e-01
3.964458e-01
3.908107e-01
3.851610e-01
3.794967e-01
3.738182e-01
3.681257e-01
3.624193e-01
3.566993e-01
3.509660e-01
3.452194e-01
3.394598e-01
3.336875e-01
3.279027e-01
3.221055e-01
3.162962e-01
3.104751e-01
3.046423e-01
2.987980e-01
2.929425e-01
2.870760e-01
2.811987e-01
2.753108e-01
2.694126e-01
2.635043e-01
2.575861e-01
2.516582e-01
2.457208e-01
2.397742e-01
2.338186e-01
2.278542e-01
2.218813e-01
2.159000e-01
2.099106e-01
2.039133e-01
1.979083e-01
1.918959e-01
1.858763e-01
1.798498e-01
1.738164e-01
1.677765e-01
1.617304e-01
1.556781e-01
1.496200e-01
1.435563e-01
1.374871e-01
1.314129e-01
1.253336e-01
1.192497e-01
1.131613e-01
1.070686e-01
1.009719e-01
9.487142e-02
8.876737e-02
8.265999e-02
7.654949e-02
7.043612e-02
6.432011e-02
5.820167e-02
5.208105e-02
4.595848e-02
3.983417e-02
3.370837e-02
2.758130e-02
2.145320e-02
1.532429e-02
9.194805e-03
3.064973e-03
-3.064973e-03
-9.194805e-03
-1.532429e-02
-2.145320e-02
-2.758130e-02
-3.370837e-02
-3.983417e-02
-4.595848e-02
-5.208105e-02
-5.820167e-02
-6.432011e-02
-7.043612e-02
-7.654949e-02
-8.265999e-02
-8.876737e-02
-9.487142e-02
-1.009719e-01
-1.070686e-01
-1.131613e-01
-1.192497e-01
-1.253336e-01
-1.314129e-01
-1.374871e-01
-1.435563e-01
-1.496200e-01
-1.556781e-01
-1.617304e-01
-1.677765e-01
-1.738164e-01
-1.798498e-01
-1.858763e-01
-1.918959e-01
-1.979083e-01
-2.039133e-01
-2.099106e-01
-2.159000e-01
-2.218813e-01
-2.278542e-01
-2.338186e-01
-2.397742e-01
-2.457208e-01
-2.516582e-01
-2.575861e-01
-2.635043e-01
-2.694126e-01
-2.753108e-01
-2.811987e-01
-2.870760e-01
-2.929425e-01
-2.987980e-01
-3.046423e-01
-3.104751e-01
-3.162962e-01
-3.221055e-01
-3.279027e-01
-3.336875e-01
-3.394598e-01
-3.452194e-01
-3.509660e-01
-3.566993e-01
-3.624193e-01
-3.681257e-01
-3.738182e-01
-3.794967e-01
-3.851610e-01
-3.908107e-01
-3.964458e-01
-4.020660e-01
-4.076710e-01
-4.132608e-01
-4.188350e-01
-4.243935e-01
-4.299360e-01
-4.354624e-01
-4.409724e-01
-4.464659e-01
-4.519425e-01
-4.574022e-01
-4.628447e-01
-4.682698e-01
-4.736773e-01
-4.790671e-01
-4.844388e-01
-4.897923e-01
-4.951274e-01
-5.004439e-01
-5.057416e-01
-5.110203e-01
-5.162798e-01
-5.215199e-01
-5.267404e-01
-5.319411e-01
-5.371218e-01
-5.422823e-01
-5.474224e-01
-5.525420e-01
-5.576409e-01
-5.627187e-01
-5.677754e-01
-5.728108e-01
-5.778247e-01
-5.828168e-01
-5.877871e-01
-5.927353e-01
-5.976611e-01
-6.025646e-01
-6.074454e-01
-6.123033e-01
-6.171383e-01
-6.219501e-01
-6.267385e-01
-6.315033e-01
-6.362444e-01
-6.409616e-01
-6.456548e-01
-6.503236e-01
-6.549681e-01
-6.595879e-01
-6.641829e-01
-6.687530e-01
-6.732979e-01
-6.778176e-01
-6.823118e-01
-6.867803e-01
-6.912230e-01
-6.956398e-01
-7.000304e-01
-7.043947e-01
-7.087326e-01
-7.130438e-01
-7.173282e-01
-7.215857e-01
-7.258160e-01
-7.300191e-01
-7.341948e-01
-7.383428e-01
-7.424631e-01
-7.465556e-01
-7.506199e-01
-7.546561e-01
-7.586639e-01
-7.626432e-01
-7.665938e-01
-7.705157e-01
-7.744085e-01
-7.782723e-01
-7.821069e-01
-7.859120e-01
-7.896876e-01
-7.934336e-01
-7.971497e-01
-8.008359e-01
-8.044919e-01
-8.081178e-01
-8.117133e-01
-8.152783e-01
-8.188126e-01
-8.223162e-01
-8.257889e-01
-8.292306e-01
-8.326411e-01
-8.360203e-01
-8.393681e-01
-8.426843e-01
-8.459689e-01
-8.492217e-01
-8.524426e-01
-8.556315e-01
-8.587882e-01
-8.619126e-01
-8.650046e-01
-8.680642e-01
-8.710911e-01
-8.740853e-01
-8.770467e-01
-8.799751e-01
-8.828704e-01
-8.857326e-01
-8.885614e-01
-8.913569e-01
-8.941189e-01
-8.968473e-01
-8.995420e-01
-9.022029e-01
-9.048299e-01
-9.074229e-01
-9.099818e-01
-9.125065e-01
-9.149969e-01
-9.174529e-01
-9.198745e-01
-9.222615e-01
-9.246138e-01
-9.269314e-01
-9.292142e-01
-9.314620e-01
-9.336749e-01
-9.358526e-01
-9.379952e-01
-9.401026e-01
-9.421746e-01
-9.442112e-01
-9.462124e-01
-9.481779e-01
-9.501079e-01
-9.520022e-01
-9.538606e-01
-9.556833e-01
-9.574700e-01
-9.592208e-01
-9.609355e-01
-9.626141e-01
-9.642565e-01
-9.658627e-01
-9.674326e-01
-9.689662e-01
-9.704633e-01
-9.719240e-01
-9.733481e-01
-9.747357e-01
-9.760867e-01
-9.774010e-01
-9.786785e-01
-9.799193e-01
-9.811232e-01
-9.822903e-01
-9.834205e-01
-9.845137e-01
-9.855700e-01
-9.865892e-01
-9.875713e-01
-9.885163e-01
-9.894242e-01
-9.902949e-01
-9.911283e-01
-9.919246e-01
-9.926835e-01
-9.934052e-01
-9.940895e-01
-9.947365e-01
-9.953461e-01
-9.959183e-01
-9.964531e-01
-9.969504e-01
-9.974103e-01
-9.978327e-01
-9.982176e-01
-9.985650e-01
-9.988749e-01
-9.991472e-01
-9.993820e-01
-9.995793e-01
-9.997389e-01
-9.998610e-01
-9.999456e-01
-9.999926e-01
-1.000002e+00
-9.999738e-01
-9.999080e-01
-9.998047e-01
-9.996638e-01
-9.994853e-01
-9.992693e-01
-9.990157e-01
-9.987246e-01
-9.983960e-01
-9.980299e-01
-9.976262e-01
-9.971851e-01
-9.967065e-01
-9.961904e-01
-9.956369e-01
-9.950460e-01
-9.944177e-01
-9.937520e-01
-9.930490e-01
-9.923087e-01
-9.915311e-01
-9.907162e-01
-9.898642e-01
-9.889749e-01
-9.880484e-01
-9.870849e-01
-9.860842e-01
-9.850465e-01
-9.839717e-01
-9.828600e-01
-9.817114e-01
-9.805259e-01
-9.793035e-01
-9.780443e-01
-9.767484e-01
-9.754158e-01
-9.740465e-01
-9.726406e-01
-9.711982e-01
-9.697193e-01
-9.682039e-01
-9.666522e-01
-9.650641e-01
-9.634398e-01
-9.617793e-01
-9.600826e-01
-9.583499e-01
-9.565811e-01
-9.547764e-01
-9.529359e-01
-9.510595e-01
-9.491474e-01
-9.471996e-01
-9.452162e-01
-9.431973e-01
-9.411430e-01
-9.390533e-01
-9.369283e-01
-9.347681e-01
-9.325728e-01
-9.303425e-01
-9.280771e-01
-9.257769e-01
-9.234420e-01
-9.210723e-01
-9.186680e-01
-9.162292e-01
-9.137560e-01
-9.112484e-01
-9.087066e-01
-9.061306e-01
-9.035206e-01
-9.008767e-01
-8.981989e-01
-8.954873e-01
-8.927421e-01
-8.899634e-01
-8.871512e-01
-8.843056e-01
-8.814269e-01
-8.785150e-01
-8.755701e-01
-8.725923e-01
-8.695817e-01
-8.665385e-01
-8.634627e-01
-8.603544e-01
-8.572138e-01
-8.540410e-01
-8.508361e-01
-8.475993e-01
-8.443306e-01
-8.410301e-01
-8.376981e-01
-8.343346e-01
-8.309397e-01
-8.275136e-01
-8.240564e-01
-8.205683e-01
-8.170493e-01
-8.134996e-01
-8.099194e-01
-8.063087e-01
-8.026677e-01
-7.989965e-01
-7.952954e-01
-7.915643e-01
-7.878035e-01
-7.840131e-01
-7.801932e-01
-7.763441e-01
-7.724657e-01
-7.685583e-01
-7.646221e-01
-7.606571e-01
-7.566635e-01
-7.526415e-01
-7.485913e-01
-7.445128e-01
-7.404065e-01
-7.362723e-01
-7.321104e-01
-7.279210e-01
-7.237043e-01
-7.194603e-01
-7.151894e-01
-7.108915e-01
-7.065670e-01
-7.022159e-01
-6.978384e-01
-6.934347e-01
-6.890049e-01
-6.845492e-01
-6.800679e-01
-6.755609e-01
-6.710286e-01
-6.664711e-01
-6.618885e-01
-6.572811e-01
-6.526489e-01
-6.479922e-01
-6.433112e-01
-6.386060e-01
-6.338769e-01
-6.291238e-01
-6.243472e-01
-6.195471e-01
-6.147237e-01
-6.098772e-01
-6.050078e-01
-6.001157e-01
-5.952010e-01
-5.902639e-01
-5.853047e-01
-5.803235e-01
-5.753205e-01
-5.702958e-01
-5.652497e-01
-5.601824e-01
-5.550940e-01
-5.499848e-01
-5.448549e-01
-5.397046e-01
-5.345339e-01
-5.293432e-01
-5.241326e-01
-5.189023e-01
-5.136524e-01
-5.083833e-01
-5.030951e-01
-4.977880e-01
-4.924622e-01
-4.871178e-01
-4.817552e-01
-4.763744e-01
-4.709758e-01
-4.655595e-01
-4.601256e-01
-4.546745e-01
-4.492063e-01
-4.437212e-01
-4.382195e-01
-4.327012e-01
-4.271668e-01
-4.216162e-01
-4.160498e-01
-4.104678e-01
-4.048704e-01
-3.992578e-01
-3.936301e-01
-3.879877e-01
-3.823306e-01
-3.766593e-01
-3.709737e-01
-3.652742e-01
-3.595610e-01
-3.538343e-01
-3.480943e-01
-3.423412e-01
-3.365753e-01
-3.307967e-01
-3.250056e-01
-3.192024e-01
-3.133871e-01
-3.075601e-01
-3.017215e-01
-2.958716e-01
-2.900106e-01
-2.841387e-01
-2.782561e-01
-2.723630e-01
-2.664597e-01
-2.605464e-01
-2.546233e-01
-2.486907e-01
-2.427487e-01
-2.367975e-01
-2.308375e-01
-2.248688e-01
-2.188917e-01
-2.129063e-01
-2.069129e-01
-2.009117e-01
-1.949030e-01
-1.888870e-01
-1.828639e-01
-1.768339e-01
-1.707973e-01
-1.647542e-01
-1.587050e-01
-1.526498e-01
-1.465888e-01
-1.405224e-01
-1.344506e-01
-1.283738e-01
-1.222922e-01
-1.162060e-01
-1.101155e-01
-1.040207e-01
-9.792213e-02
-9.181983e-02
-8.571408e-02
-7.960511e-02
-7.349315e-02
-6.737843e-02
-6.126118e-02
-5.514162e-02
-4.902000e-02
-4.289653e-02
-3.677144e-02
-3.064498e-02
-2.451737e-02
-1.838883e-02
-1.225961e-02
-6.129918e-03
