3.066462e-03
6.132895e-03
9.199270e-03
1.226556e-02
1.533173e-02
1.839776e-02
2.146362e-02
2.452927e-02
2.759470e-02
3.065986e-02
3.372474e-02
3.678930e-02
3.985351e-02
4.291735e-02
4.598078e-02
4.904378e-02
5.210633e-02
5.516838e-02
5.822991e-02
6.129089e-02
6.435130e-02
6.741111e-02
7.047028e-02
7.352878e-02
7.658660e-02
7.964369e-02
8.270004e-02
8.575561e-02
8.881037e-02
9.186430e-02
9.491736e-02
9.796953e-02
1.010208e-01
1.040711e-01
1.071204e-01
1.101687e-01
1.132160e-01
1.162622e-01
1.193073e-01
1.223513e-01
1.253942e-01
1.284358e-01
1.314763e-01
1.345155e-01
1.375535e-01
1.405902e-01
1.436255e-01
1.466595e-01
1.496921e-01
1.527233e-01
1.557531e-01
1.587814e-01
1.618082e-01
1.648335e-01
1.678572e-01
1.708794e-01
1.739000e-01
1.769189e-01
1.799361e-01
1.829517e-01
1.859656e-01
1.889777e-01
1.919880e-01
1.949965e-01
1.980032e-01
2.010080e-01
2.040109e-01
2.070119e-01
2.100110e-01
2.130081e-01
2.160032e-01
2.189962e-01
2.219872e-01
2.249761e-01
2.279629e-01
2.309476e-01
2.339301e-01
2.369103e-01
2.398884e-01
2.428642e-01
2.458377e-01
2.488089e-01
2.517777e-01
2.547442e-01
2.577083e-01
2.606700e-01
2.636292e-01
2.665860e-01
2.695402e-01
2.724919e-01
2.754411e-01
2.783876e-01
2.813315e-01
2.842728e-01
2.872114e-01
2.901474e-01
2.930805e-01
2.960110e-01
2.989386e-01
3.018634e-01
3.047854e-01
3.077046e-01
3.106208e-01
3.135341e-01
3.164445e-01
3.193519e-01
3.222563e-01
3.251576e-01
3.280559e-01
3.309511e-01
3.338433e-01
3.367322e-01
3.396180e-01
3.425006e-01
3.453800e-01
3.482561e-01
3.511290e-01
3.539986e-01
3.568648e-01
3.597277e-01
3.625872e-01
3.654433e-01
3.682959e-01
3.711451e-01
3.739908e-01
3.768330e-01
3.796716e-01
3.825067e-01
3.853381e-01
3.881660e-01
3.909902e-01
3.938107e-01
3.966275e-01
3.994406e-01
4.022499e-01
4.050555e-01
4.078572e-01
4.106551e-01
4.134491e-01
4.162393e-01
4.190255e-01
4.218078e-01
4.245862e-01
4.273605e-01
4.301308e-01
4.328971e-01
4.356593e-01
4.384174e-01
4.411714e-01
4.439213e-01
4.466669e-01
4.494084e-01
4.521456e-01
4.548786e-01
4.576073e-01
4.603317e-01
4.630518e-01
4.657675e-01
4.684789e-01
4.711858e-01
4.738883e-01
4.765864e-01
4.792799e-01
4.819690e-01
4.846535e-01
4.873335e-01
4.900089e-01
4.926797e-01
4.953458e-01
4.980073e-01
5.006642e-01
5.033163e-01
5.059636e-01
5.086062e-01
5.112441e-01
5.138771e-01
5.165053e-01
5.191286e-01
5.217471e-01
5.243606e-01
5.269692e-01
5.295729e-01
5.321716e-01
5.347653e-01
5.373539e-01
5.399375e-01
5.425160e-01
5.450894e-01
5.476577e-01
5.502209e-01
5.527788e-01
5.553316e-01
5.578792e-01
5.604215e-01
5.629585e-01
5.654902e-01
5.680167e-01
5.705377e-01
5.730535e-01
5.755638e-01
5.780687e-01
5.805682e-01
5.830622e-01
5.855507e-01
5.880338e-01
5.905113e-01
5.929832e-01
5.954496e-01
5.979104e-01
6.003655e-01
6.028150e-01
6.052589e-01
6.076970e-01
6.101294e-01
6.125561e-01
6.149771e-01
6.173922e-01
6.198016e-01
6.222051e-01
6.246028e-01
6.269946e-01
6.293805e-01
6.317604e-01
6.341345e-01
6.365026e-01
6.388647e-01
6.412207e-01
6.435708e-01
6.459148e-01
6.482527e-01
6.505846e-01
6.529103e-01
6.552299e-01
6.575433e-01
6.598505e-01
6.621515e-01
6.644463e-01
6.667349e-01
6.690172e-01
6.712932e-01
6.735629e-01
6.758262e-01
6.780832e-01
6.803338e-01
6.825780e-01
6.848158e-01
6.870472e-01
6.892721e-01
6.914905e-01
6.937024e-01
6.959078e-01
6.981067e-01
7.002990e-01
7.024847e-01
7.046638e-01
7.068362e-01
7.090021e-01
7.111612e-01
7.133137e-01
7.154595e-01
7.175985e-01
7.197308e-01
7.218563e-01
7.239750e-01
7.260870e-01
7.281920e-01
7.302903e-01
7.323817e-01
7.344662e-01
7.365438e-01
7.386144e-01
7.406781e-01
7.427349e-01
7.447847e-01
7.468274e-01
7.488632e-01
7.508919e-01
7.529135e-01
7.549281e-01
7.569355e-01
7.589359e-01
7.609291e-01
7.629151e-01
7.648940e-01
7.668657e-01
7.688302e-01
7.707874e-01
7.727374e-01
7.746802e-01
7.766156e-01
7.785437e-01
7.804646e-01
7.823781e-01
7.842842e-01
7.861829e-01
7.880743e-01
7.899582e-01
7.918348e-01
7.937038e-01
7.955655e-01
7.974196e-01
7.992662e-01
8.011053e-01
8.029369e-01
8.047610e-01
8.065774e-01
8.083863e-01
8.101876e-01
8.119813e-01
8.137673e-01
8.155457e-01
8.173164e-01
8.190794e-01
8.208347e-01
8.225823e-01
8.243222e-01
8.260543e-01
8.277786e-01
8.294952e-01
8.312040e-01
8.329049e-01
8.345980e-01
8.362833e-01
8.379607e-01
8.396302e-01
8.412919e-01
8.429456e-01
8.445914e-01
8.462292e-01
8.478591e-01
8.494810e-01
8.510950e-01
8.527009e-01
8.542988e-01
8.558887e-01
8.574705e-01
8.590443e-01
8.606100e-01
8.621676e-01
8.637171e-01
8.652584e-01
8.667917e-01
8.683168e-01
8.698337e-01
8.713424e-01
8.728430e-01
8.743353e-01
8.758194e-01
8.772953e-01
8.787629e-01
8.802223e-01
8.816734e-01
8.831162e-01
8.845507e-01
8.859769e-01
8.873947e-01
8.888042e-01
8.902054e-01
8.915981e-01
8.929825e-01
8.943585e-01
8.957261e-01
8.970853e-01
8.984360e-01
8.997783e-01
9.011121e-01
9.024374e-01
9.037543e-01
9.050626e-01
9.063625e-01
9.076538e-01
9.089366e-01
9.102108e-01
9.114765e-01
9.127337e-01
9.139822e-01
9.152221e-01
9.164535e-01
9.176762e-01
9.188903e-01
9.200957e-01
9.212925e-01
9.224806e-01
9.236601e-01
9.248308e-01
9.259929e-01
9.271463e-01
9.282909e-01
9.294269e-01
9.305540e-01
9.316725e-01
9.327821e-01
9.338830e-01
9.349751e-01
9.360585e-01
9.371330e-01
9.381987e-01
9.392556e-01
9.403036e-01
9.413429e-01
9.423732e-01
9.433947e-01
9.444074e-01
9.454111e-01
9.464060e-01
9.473919e-01
9.483690e-01
9.493371e-01
9.502963e-01
9.512466e-01
9.521879e-01
9.531203e-01
9.540437e-01
9.549582e-01
9.558636e-01
9.567601e-01
9.576476e-01
9.585260e-01
9.593955e-01
9.602559e-01
9.611073e-01
9.619497e-01
9.627830e-01
9.636073e-01
9.644225e-01
9.652287e-01
9.660257e-01
9.668137e-01
9.675926e-01
9.683624e-01
9.691231e-01
9.698746e-01
9.706171e-01
9.713504e-01
9.720746e-01
9.727897e-01
9.734956e-01
9.741923e-01
9.748799e-01
9.755583e-01
9.762276e-01
9.768877e-01
9.775385e-01
9.781802e-01
9.788127e-01
9.794360e-01
9.800501e-01
9.806550e-01
9.812506e-01
9.818370e-01
9.824142e-01
9.829822e-01
9.835409e-01
9.840903e-01
9.846305e-01
9.851615e-01
9.856831e-01
9.861955e-01
9.866987e-01
9.871925e-01
9.876771e-01
9.881524e-01
9.886184e-01
9.890751e-01
9.895225e-01
9.899606e-01
9.903894e-01
9.908089e-01
9.912190e-01
9.916199e-01
9.920114e-01
9.923936e-01
9.927664e-01
9.931299e-01
9.934841e-01
9.938289e-01
9.941644e-01
9.944906e-01
9.948074e-01
9.951148e-01
9.954129e-01
9.957016e-01
9.959810e-01
9.962510e-01
9.965116e-01
9.967628e-01
9.970047e-01
9.972372e-01
9.974603e-01
9.976741e-01
9.978785e-01
9.980735e-01
9.982591e-01
9.984353e-01
9.986021e-01
9.987595e-01
9.989076e-01
9.990462e-01
9.991755e-01
9.992953e-01
9.994058e-01
9.995069e-01
9.995985e-01
9.996808e-01
9.997537e-01
9.998171e-01
9.998712e-01
9.999159e-01
9.999511e-01
9.999770e-01
9.999934e-01
1.000000e+00
9.999981e-01
9.999864e-01
9.999652e-01
9.999347e-01
9.998947e-01
9.998453e-01
9.997866e-01
9.997184e-01
9.996408e-01
9.995539e-01
9.994575e-01
9.993517e-01
9.992366e-01
9.991120e-01
9.989781e-01
9.988347e-01
9.986820e-01
9.985198e-01
9.983483e-01
9.981674e-01
9.979771e-01
9.977775e-01
9.975684e-01
9.973500e-01
9.971221e-01
9.968849e-01
9.966384e-01
9.963824e-01
9.961171e-01
9.958425e-01
9.955584e-01
9.952650e-01
9.949623e-01
9.946501e-01
9.943287e-01
9.939979e-01
9.936577e-01
9.933082e-01
9.929493e-01
9.925811e-01
9.922036e-01
9.918168e-01
9.914206e-01
9.910151e-01
9.906003e-01
9.901762e-01
9.897427e-01
9.893000e-01
9.888479e-01
9.883866e-01
9.879159e-01
9.874360e-01
9.869468e-01
9.864483e-01
9.859405e-01
9.854235e-01
9.848971e-01
9.843616e-01
9.838167e-01
9.832627e-01
9.826993e-01
9.821268e-01
9.815450e-01
9.809539e-01
9.803537e-01
9.797442e-01
9.791255e-01
9.784976e-01
9.778605e-01
9.772142e-01
9.765588e-01
9.758941e-01
9.752203e-01
9.745373e-01
9.738451e-01
9.731438e-01
9.724333e-01
9.717137e-01
9.709849e-01
9.702470e-01
9.695000e-01
9.687439e-01
9.679786e-01
9.672043e-01
9.664208e-01
9.656283e-01
9.648267e-01
9.640160e-01
9.631963e-01
9.623675e-01
9.615297e-01
9.606828e-01
9.598268e-01
9.589619e-01
9.580879e-01
9.572050e-01
9.563130e-01
9.554120e-01
9.545021e-01
9.535831e-01
9.526552e-01
9.517184e-01
9.507726e-01
9.498178e-01
9.488542e-01
9.478816e-01
9.469001e-01
9.459097e-01
9.449103e-01
9.439022e-01
9.428851e-01
9.418592e-01
9.408244e-01
9.397807e-01
9.387283e-01
9.376670e-01
9.365968e-01
9.355179e-01
9.344302e-01
9.333337e-01
9.322284e-01
9.311143e-01
9.299915e-01
9.288600e-01
9.277197e-01
9.265707e-01
9.254130e-01
9.242465e-01
9.230714e-01
9.218876e-01
9.206952e-01
9.194941e-01
9.182843e-01
9.170659e-01
9.158389e-01
9.146032e-01
9.133590e-01
9.121062e-01
9.108448e-01
9.095748e-01
9.082963e-01
9.070092e-01
9.057136e-01
9.044095e-01
9.030969e-01
9.017758e-01
9.004462e-01
8.991082e-01
8.977617e-01
8.964067e-01
8.950434e-01
8.936716e-01
8.922914e-01
8.909028e-01
8.895058e-01
8.881005e-01
8.866868e-01
8.852648e-01
8.838345e-01
8.823958e-01
8.809489e-01
8.794936e-01
8.780301e-01
8.765584e-01
8.750784e-01
8.735902e-01
8.720937e-01
8.705891e-01
8.690762e-01
8.675552e-01
8.660261e-01
8.644888e-01
8.629433e-01
8.613898e-01
8.598282e-01
8.582584e-01
8.566806e-01
8.550948e-01
8.535009e-01
8.518989e-01
8.502890e-01
8.486711e-01
8.470452e-01
8.454113e-01
8.437695e-01
8.421197e-01
8.404620e-01
8.387965e-01
8.371230e-01
8.354417e-01
8.337525e-01
8.320554e-01
8.303506e-01
8.286379e-01
8.269174e-01
8.251892e-01
8.234532e-01
8.217095e-01
8.199580e-01
8.181988e-01
8.164320e-01
8.146574e-01
8.128752e-01
8.110854e-01
8.092879e-01
8.074828e-01
8.056701e-01
8.038499e-01
8.020221e-01
8.001867e-01
7.983438e-01
7.964935e-01
7.946356e-01
7.927702e-01
7.908974e-01
7.890172e-01
7.871295e-01
7.852345e-01
7.833320e-01
7.814222e-01
7.795051e-01
7.775806e-01
7.756488e-01
7.737097e-01
7.717633e-01
7.698097e-01
7.678488e-01
7.658808e-01
7.639055e-01
7.619230e-01
7.599334e-01
7.579366e-01
7.559327e-01
7.539217e-01
7.519036e-01
7.498784e-01
7.478462e-01
7.458069e-01
7.437607e-01
7.417074e-01
7.396472e-01
7.375800e-01
7.355058e-01
7.334248e-01
7.313368e-01
7.292420e-01
7.271404e-01
7.250318e-01
7.229165e-01
7.207944e-01
7.186655e-01
7.165298e-01
7.143874e-01
7.122383e-01
7.100825e-01
7.079200e-01
7.057508e-01
7.035751e-01
7.013927e-01
6.992037e-01
6.970081e-01
6.948060e-01
6.925973e-01
6.903821e-01
6.881605e-01
6.859323e-01
6.836977e-01
6.814567e-01
6.792093e-01
6.769555e-01
6.746953e-01
6.724288e-01
6.701560e-01
6.678768e-01
6.655914e-01
6.632997e-01
6.610018e-01
6.586977e-01
6.563873e-01
6.540708e-01
6.517482e-01
6.494194e-01
6.470845e-01
6.447436e-01
6.423965e-01
6.400434e-01
6.376844e-01
6.353193e-01
6.329482e-01
6.305712e-01
6.281882e-01
6.257994e-01
6.234047e-01
6.210041e-01
6.185976e-01
6.161854e-01
6.137673e-01
6.113435e-01
6.089139e-01
6.064787e-01
6.040377e-01
6.015910e-01
5.991386e-01
5.966807e-01
5.942171e-01
5.917479e-01
5.892732e-01
5.867929e-01
5.843072e-01
5.818159e-01
5.793191e-01
5.768169e-01
5.743093e-01
5.717963e-01
5.692779e-01
5.667541e-01
5.642250e-01
5.616906e-01
5.591510e-01
5.566060e-01
5.540559e-01
5.515005e-01
5.489399e-01
5.463742e-01
5.438034e-01
5.412274e-01
5.386463e-01
5.360602e-01
5.334690e-01
5.308729e-01
5.282717e-01
5.256655e-01
5.230545e-01
5.204385e-01
5.178176e-01
5.151918e-01
5.125612e-01
5.099258e-01
5.072855e-01
5.046405e-01
5.019908e-01
4.993363e-01
4.966772e-01
4.940134e-01
4.913449e-01
4.886718e-01
4.859941e-01
4.833118e-01
4.806250e-01
4.779337e-01
4.752379e-01
4.725376e-01
4.698329e-01
4.671238e-01
4.644102e-01
4.616923e-01
4.589701e-01
4.562435e-01
4.535126e-01
4.507775e-01
4.480382e-01
4.452946e-01
4.425469e-01
4.397949e-01
4.370389e-01
4.342787e-01
4.315145e-01
4.287462e-01
4.259738e-01
4.231975e-01
4.204172e-01
4.176329e-01
4.148447e-01
4.120526e-01
4.092566e-01
4.064568e-01
4.036532e-01
4.008457e-01
3.980345e-01
3.952196e-01
3.924009e-01
3.895785e-01
3.867525e-01
3.839228e-01
3.810896e-01
3.782527e-01
3.754123e-01
3.725684e-01
3.697209e-01
3.668700e-01
3.640156e-01
3.611578e-01
3.582967e-01
3.554321e-01
3.525642e-01
3.496930e-01
3.468185e-01
3.439407e-01
3.410597e-01
3.381755e-01
3.352881e-01
3.323976e-01
3.295039e-01
3.266072e-01
3.237073e-01
3.208045e-01
3.178986e-01
3.149897e-01
3.120778e-01
3.091631e-01
3.062454e-01
3.033248e-01
3.004014e-01
2.974751e-01
2.945461e-01
2.916143e-01
2.886797e-01
2.857425e-01
2.828025e-01
2.798599e-01
2.769147e-01
2.739668e-01
2.710164e-01
2.680634e-01
2.651079e-01
2.621499e-01
2.591895e-01
2.562266e-01
2.532613e-01
2.502936e-01
2.473236e-01
2.443512e-01
2.413766e-01
2.383996e-01
2.354205e-01
2.324391e-01
2.294555e-01
2.264698e-01
2.234819e-01
2.204920e-01
2.175000e-01
2.145059e-01
2.115098e-01
2.085117e-01
2.055117e-01
2.025097e-01
1.995058e-01
1.965001e-01
1.934925e-01
1.904830e-01
1.874718e-01
1.844589e-01
1.814441e-01
1.784277e-01
1.754096e-01
1.723899e-01
1.693685e-01
1.663456e-01
1.633210e-01
1.602950e-01
1.572674e-01
1.542384e-01
1.512079e-01
1.481760e-01
1.451427e-01
1.421080e-01
1.390720e-01
1.360347e-01
1.329961e-01
1.299562e-01
1.269152e-01
1.238729e-01
1.208295e-01
1.177849e-01
1.147392e-01
1.116925e-01
1.086447e-01
1.055959e-01
1.025461e-01
9.949528e-02
9.644356e-02
9.339094e-02
9.033744e-02
8.728309e-02
8.422792e-02
8.117196e-02
7.811524e-02
7.505778e-02
7.199961e-02
6.894077e-02
6.588128e-02
6.282117e-02
5.976047e-02
5.669921e-02
5.363741e-02
5.057511e-02
4.751234e-02
4.444912e-02
4.138548e-02
3.832145e-02
3.525706e-02
3.219234e-02
2.912731e-02
2.606202e-02
2.299647e-02
1.993071e-02
1.686477e-02
1.379866e-02
1.073243e-02
7.666092e-03
4.599684e-03
1.533233e-03
-1.533233e-03
-4.599684e-03
-7.666092e-03
-1.073243e-02
-1.379866e-02
-1.686477e-02
-1.993071e-02
-2.299647e-02
-2.606202e-02
-2.912731e-02
-3.219234e-02
-3.525706e-02
-3.832145e-02
-4.138548e-02
-4.444912e-02
-4.751234e-02
-5.057511e-02
-5.363741e-02
-5.669921e-02
-5.976047e-02
-6.282117e-02
-6.588128e-02
-6.894077e-02
-7.199961e-02
-7.505778e-02
-7.811524e-02
-8.117196e-02
-8.422792e-02
-8.728309e-02
-9.033744e-02
-9.339094e-02
-9.644356e-02
-9.949528e-02
-1.025461e-01
-1.055959e-01
-1.086447e-01
-1.116925e-01
-1.147392e-01
-1.177849e-01
-1.208295e-01
-1.238729e-01
-1.269152e-01
-1.299562e-01
-1.329961e-01
-1.360347e-01
-1.390720e-01
-1.421080e-01
-1.451427e-01
-1.481760e-01
-1.512079e-01
-1.542384e-01
-1.572674e-01
-1.602950e-01
-1.633210e-01
-1.663456e-01
-1.693685e-01
-1.723899e-01
-1.754096e-01
-1.784277e-01
-1.814441e-01
-1.844589e-01
-1.874718e-01
-1.904830e-01
-1.934925e-01
-1.965001e-01
-1.995058e-01
-2.025097e-01
-2.055117e-01
-2.085117e-01
-2.115098e-01
-2.145059e-01
-2.175000e-01
-2.204920e-01
-2.234819e-01
-2.264698e-01
-2.294555e-01
-2.324391e-01
-2.354205e-01
-2.383996e-01
-2.413766e-01
-2.443512e-01
-2.473236e-01
-2.502936e-01
-2.532613e-01
-2.562266e-01
-2.591895e-01
-2.621499e-01
-2.651079e-01
-2.680634e-01
-2.710164e-01
-2.739668e-01
-2.769147e-01
-2.798599e-01
-2.828025e-01
-2.857425e-01
-2.886797e-01
-2.916143e-01
-2.945461e-01
-2.974751e-01
-3.004014e-01
-3.033248e-01
-3.062454e-01
-3.091631e-01
-3.120778e-01
-3.149897e-01
-3.178986e-01
-3.208045e-01
-3.237073e-01
-3.266072e-01
-3.295039e-01
-3.323976e-01
-3.352881e-01
-3.381755e-01
-3.410597e-01
-3.439407e-01
-3.468185e-01
-3.496930e-01
-3.525642e-01
-3.554321e-01
-3.582967e-01
-3.611578e-01
-3.640156e-01
-3.668700e-01
-3.697209e-01
-3.725684e-01
-3.754123e-01
-3.782527e-01
-3.810896e-01
-3.839228e-01
-3.867525e-01
-3.895785e-01
-3.924009e-01
-3.952196e-01
-3.980345e-01
-4.008457e-01
-4.036532e-01
-4.064568e-01
-4.092566e-01
-4.120526e-01
-4.148447e-01
-4.176329e-01
-4.204172e-01
-4.231975e-01
-4.259738e-01
-4.287462e-01
-4.315145e-01
-4.342787e-01
-4.370389e-01
-4.397949e-01
-4.425469e-01
-4.452946e-01
-4.480382e-01
-4.507775e-01
-4.535126e-01
-4.562435e-01
-4.589701e-01
-4.616923e-01
-4.644102e-01
-4.671238e-01
-4.698329e-01
-4.725376e-01
-4.752379e-01
-4.779337e-01
-4.806250e-01
-4.833118e-01
-4.859941e-01
-4.886718e-01
-4.913449e-01
-4.940134e-01
-4.966772e-01
-4.993363e-01
-5.019908e-01
-5.046405e-01
-5.072855e-01
-5.099258e-01
-5.125612e-01
-5.151918e-01
-5.178176e-01
-5.204385e-01
-5.230545e-01
-5.256655e-01
-5.282717e-01
-5.308729e-01
-5.334690e-01
-5.360602e-01
-5.386463e-01
-5.412274e-01
-5.438034e-01
-5.463742e-01
-5.489399e-01
-5.515005e-01
-5.540559e-01
-5.566060e-01
-5.591510e-01
-5.616906e-01
-5.642250e-01
-5.667541e-01
-5.692779e-01
-5.717963e-01
-5.743093e-01
-5.768169e-01
-5.793191e-01
-5.818159e-01
-5.843072e-01
-5.867929e-01
-5.892732e-01
-5.917479e-01
-5.942171e-01
-5.966807e-01
-5.991386e-01
-6.015910e-01
-6.040377e-01
-6.064787e-01
-6.089139e-01
-6.113435e-01
-6.137673e-01
-6.161854e-01
-6.185976e-01
-6.210041e-01
-6.234047e-01
-6.257994e-01
-6.281882e-01
-6.305712e-01
-6.329482e-01
-6.353193e-01
-6.376844e-01
-6.400434e-01
-6.423965e-01
-6.447436e-01
-6.470845e-01
-6.494194e-01
-6.517482e-01
-6.540708e-01
-6.563873e-01
-6.586977e-01
-6.610018e-01
-6.632997e-01
-6.655914e-01
-6.678768e-01
-6.701560e-01
-6.724288e-01
-6.746953e-01
-6.769555e-01
-6.792093e-01
-6.814567e-01
-6.836977e-01
-6.859323e-01
-6.881605e-01
-6.903821e-01
-6.925973e-01
-6.948060e-01
-6.970081e-01
-6.992037e-01
-7.013927e-01
-7.035751e-01
-7.057508e-01
-7.079200e-01
-7.100825e-01
-7.122383e-01
-7.143874e-01
-7.165298e-01
-7.186655e-01
-7.207944e-01
-7.229165e-01
-7.250318e-01
-7.271404e-01
-7.292420e-01
-7.313368e-01
-7.334248e-01
-7.355058e-01
-7.375800e-01
-7.396472e-01
-7.417074e-01
-7.437607e-01
-7.458069e-01
-7.478462e-01
-7.498784e-01
-7.519036e-01
-7.539217e-01
-7.559327e-01
-7.579366e-01
-7.599334e-01
-7.619230e-01
-7.639055e-01
-7.658808e-01
-7.678488e-01
-7.698097e-01
-7.717633e-01
-7.737097e-01
-7.756488e-01
-7.775806e-01
-7.795051e-01
-7.814222e-01
-7.833320e-01
-7.852345e-01
-7.871295e-01
-7.890172e-01
-7.908974e-01
-7.927702e-01
-7.946356e-01
-7.964935e-01
-7.983438e-01
-8.001867e-01
-8.020221e-01
-8.038499e-01
-8.056701e-01
-8.074828e-01
-8.092879e-01
-8.110854e-01
-8.128752e-01
-8.146574e-01
-8.164320e-01
-8.181988e-01
-8.199580e-01
-8.217095e-01
-8.234532e-01
-8.251892e-01
-8.269174e-01
-8.286379e-01
-8.303506e-01
-8.320554e-01
-8.337525e-01
-8.354417e-01
-8.371230e-01
-8.387965e-01
-8.404620e-01
-8.421197e-01
-8.437695e-01
-8.454113e-01
-8.470452e-01
-8.486711e-01
-8.502890e-01
-8.518989e-01
-8.535009e-01
-8.550948e-01
-8.566806e-01
-8.582584e-01
-8.598282e-01
-8.613898e-01
-8.629433e-01
-8.644888e-01
-8.660261e-01
-8.675552e-01
-8.690762e-01
-8.705891e-01
-8.720937e-01
-8.735902e-01
-8.750784e-01
-8.765584e-01
-8.780301e-01
-8.794936e-01
-8.809489e-01
-8.823958e-01
-8.838345e-01
-8.852648e-01
-8.866868e-01
-8.881005e-01
-8.895058e-01
-8.909028e-01
-8.922914e-01
-8.936716e-01
-8.950434e-01
-8.964067e-01
-8.977617e-01
-8.991082e-01
-9.004462e-01
-9.017758e-01
-9.030969e-01
-9.044095e-01
-9.057136e-01
-9.070092e-01
-9.082963e-01
-9.095748e-01
-9.108448e-01
-9.121062e-01
-9.133590e-01
-9.146032e-01
-9.158389e-01
-9.170659e-01
-9.182843e-01
-9.194941e-01
-9.206952e-01
-9.218876e-01
-9.230714e-01
-9.242465e-01
-9.254130e-01
-9.265707e-01
-9.277197e-01
-9.288600e-01
-9.299915e-01
-9.311143e-01
-9.322284e-01
-9.333337e-01
-9.344302e-01
-9.355179e-01
-9.365968e-01
-9.376670e-01
-9.387283e-01
-9.397807e-01
-9.408244e-01
-9.418592e-01
-9.428851e-01
-9.439022e-01
-9.449103e-01
-9.459097e-01
-9.469001e-01
-9.478816e-01
-9.488542e-01
-9.498178e-01
-9.507726e-01
-9.517184e-01
-9.526552e-01
-9.535831e-01
-9.545021e-01
-9.554120e-01
-9.563130e-01
-9.572050e-01
-9.580879e-01
-9.589619e-01
-9.598268e-01
-9.606828e-01
-9.615297e-01
-9.623675e-01
-9.631963e-01
-9.640160e-01
-9.648267e-01
-9.656283e-01
-9.664208e-01
-9.672043e-01
-9.679786e-01
-9.687439e-01
-9.695000e-01
-9.702470e-01
-9.709849e-01
-9.717137e-01
-9.724333e-01
-9.731438e-01
-9.738451e-01
-9.745373e-01
-9.752203e-01
-9.758941e-01
-9.765588e-01
-9.772142e-01
-9.778605e-01
-9.784976e-01
-9.791255e-01
-9.797442e-01
-9.803537e-01
-9.809539e-01
-9.815450e-01
-9.821268e-01
-9.826993e-01
-9.832627e-01
-9.838167e-01
-9.843616e-01
-9.848971e-01
-9.854235e-01
-9.859405e-01
-9.864483e-01
-9.869468e-01
-9.874360e-01
-9.879159e-01
-9.883866e-01
-9.888479e-01
-9.893000e-01
-9.897427e-01
-9.901762e-01
-9.906003e-01
-9.910151e-01
-9.914206e-01
-9.918168e-01
-9.922036e-01
-9.925811e-01
-9.929493e-01
-9.933082e-01
-9.936577e-01
-9.939979e-01
-9.943287e-01
-9.946501e-01
-9.949623e-01
-9.952650e-01
-9.955584e-01
-9.958425e-01
-9.961171e-01
-9.963824e-01
-9.966384e-01
-9.968849e-01
-9.971221e-01
-9.973500e-01
-9.975684e-01
-9.977775e-01
-9.979771e-01
-9.981674e-01
-9.983483e-01
-9.985198e-01
-9.986820e-01
-9.988347e-01
-9.989781e-01
-9.991120e-01
-9.992366e-01
-9.993517e-01
-9.994575e-01
-9.995539e-01
-9.996408e-01
-9.997184e-01
-9.997866e-01
-9.998453e-01
-9.998947e-01
-9.999347e-01
-9.999652e-01
-9.999864e-01
-9.999981e-01
-1.000000e+00
-9.999934e-01
-9.999770e-01
-9.999511e-01
-9.999159e-01
-9.998712e-01
-9.998171e-01
-9.997537e-01
-9.996808e-01
-9.995985e-01
-9.995069e-01
-9.994058e-01
-9.992953e-01
-9.991755e-01
-9.990462e-01
-9.989076e-01
-9.987595e-01
-9.986021e-01
-9.984353e-01
-9.982591e-01
-9.980735e-01
-9.978785e-01
-9.976741e-01
-9.974603e-01
-9.972372e-01
-9.970047e-01
-9.967628e-01
-9.965116e-01
-9.962510e-01
-9.959810e-01
-9.957016e-01
-9.954129e-01
-9.951148e-01
-9.948074e-01
-9.944906e-01
-9.941644e-01
-9.938289e-01
-9.934841e-01
-9.931299e-01
-9.927664e-01
-9.923936e-01
-9.920114e-01
-9.916199e-01
-9.912190e-01
-9.908089e-01
-9.903894e-01
-9.899606e-01
-9.895225e-01
-9.890751e-01
-9.886184e-01
-9.881524e-01
-9.876771e-01
-9.871925e-01
-9.866987e-01
-9.861955e-01
-9.856831e-01
-9.851615e-01
-9.846305e-01
-9.840903e-01
-9.835409e-01
-9.829822e-01
-9.824142e-01
-9.818370e-01
-9.812506e-01
-9.806550e-01
-9.800501e-01
-9.794360e-01
-9.788127e-01
-9.781802e-01
-9.775385e-01
-9.768877e-01
-9.762276e-01
-9.755583e-01
-9.748799e-01
-9.741923e-01
-9.734956e-01
-9.727897e-01
-9.720746e-01
-9.713504e-01
-9.706171e-01
-9.698746e-01
-9.691231e-01
-9.683624e-01
-9.675926e-01
-9.668137e-01
-9.660257e-01
-9.652287e-01
-9.644225e-01
-9.636073e-01
-9.627830e-01
-9.619497e-01
-9.611073e-01
-9.602559e-01
-9.593955e-01
-9.585260e-01
-9.576476e-01
-9.567601e-01
-9.558636e-01
-9.549582e-01
-9.540437e-01
-9.531203e-01
-9.521879e-01
-9.512466e-01
-9.502963e-01
-9.493371e-01
-9.483690e-01
-9.473919e-01
-9.464060e-01
-9.454111e-01
-9.444074e-01
-9.433947e-01
-9.423732e-01
-9.413429e-01
-9.403036e-01
-9.392556e-01
-9.381987e-01
-9.371330e-01
-9.360585e-01
-9.349751e-01
-9.338830e-01
-9.327821e-01
-9.316725e-01
-9.305540e-01
-9.294269e-01
-9.282909e-01
-9.271463e-01
-9.259929e-01
-9.248308e-01
-9.236601e-01
-9.224806e-01
-9.212925e-01
-9.200957e-01
-9.188903e-01
-9.176762e-01
-9.164535e-01
-9.152221e-01
-9.139822e-01
-9.127337e-01
-9.114765e-01
-9.102108e-01
-9.089366e-01
-9.076538e-01
-9.063625e-01
-9.050626e-01
-9.037543e-01
-9.024374e-01
-9.011121e-01
-8.997783e-01
-8.984360e-01
-8.970853e-01
-8.957261e-01
-8.943585e-01
-8.929825e-01
-8.915981e-01
-8.902054e-01
-8.888042e-01
-8.873947e-01
-8.859769e-01
-8.845507e-01
-8.831162e-01
-8.816734e-01
-8.802223e-01
-8.787629e-01
-8.772953e-01
-8.758194e-01
-8.743353e-01
-8.728430e-01
-8.713424e-01
-8.698337e-01
-8.683168e-01
-8.667917e-01
-8.652584e-01
-8.637171e-01
-8.621676e-01
-8.606100e-01
-8.590443e-01
-8.574705e-01
-8.558887e-01
-8.542988e-01
-8.527009e-01
-8.510950e-01
-8.494810e-01
-8.478591e-01
-8.462292e-01
-8.445914e-01
-8.429456e-01
-8.412919e-01
-8.396302e-01
-8.379607e-01
-8.362833e-01
-8.345980e-01
-8.329049e-01
-8.312040e-01
-8.294952e-01
-8.277786e-01
-8.260543e-01
-8.243222e-01
-8.225823e-01
-8.208347e-01
-8.190794e-01
-8.173164e-01
-8.155457e-01
-8.137673e-01
-8.119813e-01
-8.101876e-01
-8.083863e-01
-8.065774e-01
-8.047610e-01
-8.029369e-01
-8.011053e-01
-7.992662e-01
-7.974196e-01
-7.955655e-01
-7.937038e-01
-7.918348e-01
-7.899582e-01
-7.880743e-01
-7.861829e-01
-7.842842e-01
-7.823781e-01
-7.804646e-01
-7.785437e-01
-7.766156e-01
-7.746802e-01
-7.727374e-01
-7.707874e-01
-7.688302e-01
-7.668657e-01
-7.648940e-01
-7.629151e-01
-7.609291e-01
-7.589359e-01
-7.569355e-01
-7.549281e-01
-7.529135e-01
-7.508919e-01
-7.488632e-01
-7.468274e-01
-7.447847e-01
-7.427349e-01
-7.406781e-01
-7.386144e-01
-7.365438e-01
-7.344662e-01
-7.323817e-01
-7.302903e-01
-7.281920e-01
-7.260870e-01
-7.239750e-01
-7.218563e-01
-7.197308e-01
-7.175985e-01
-7.154595e-01
-7.133137e-01
-7.111612e-01
-7.090021e-01
-7.068362e-01
-7.046638e-01
-7.024847e-01
-7.002990e-01
-6.981067e-01
-6.959078e-01
-6.937024e-01
-6.914905e-01
-6.892721e-01
-6.870472e-01
-6.848158e-01
-6.825780e-01
-6.803338e-01
-6.780832e-01
-6.758262e-01
-6.735629e-01
-6.712932e-01
-6.690172e-01
-6.667349e-01
-6.644463e-01
-6.621515e-01
-6.598505e-01
-6.575433e-01
-6.552299e-01
-6.529103e-01
-6.505846e-01
-6.482527e-01
-6.459148e-01
-6.435708e-01
-6.412207e-01
-6.388647e-01
-6.365026e-01
-6.341345e-01
-6.317604e-01
-6.293805e-01
-6.269946e-01
-6.246028e-01
-6.222051e-01
-6.198016e-01
-6.173922e-01
-6.149771e-01
-6.125561e-01
-6.101294e-01
-6.076970e-01
-6.052589e-01
-6.028150e-01
-6.003655e-01
-5.979104e-01
-5.954496e-01
-5.929832e-01
-5.905113e-01
-5.880338e-01
-5.855507e-01
-5.830622e-01
-5.805682e-01
-5.780687e-01
-5.755638e-01
-5.730535e-01
-5.705377e-01
-5.680167e-01
-5.654902e-01
-5.629585e-01
-5.604215e-01
-5.578792e-01
-5.553316e-01
-5.527788e-01
-5.502209e-01
-5.476577e-01
-5.450894e-01
-5.425160e-01
-5.399375e-01
-5.373539e-01
-5.347653e-01
-5.321716e-01
-5.295729e-01
-5.269692e-01
-5.243606e-01
-5.217471e-01
-5.191286e-01
-5.165053e-01
-5.138771e-01
-5.112441e-01
-5.086062e-01
-5.059636e-01
-5.033163e-01
-5.006642e-01
-4.980073e-01
-4.953458e-01
-4.926797e-01
-4.900089e-01
-4.873335e-01
-4.846535e-01
-4.819690e-01
-4.792799e-01
-4.765864e-01
-4.738883e-01
-4.711858e-01
-4.684789e-01
-4.657675e-01
-4.630518e-01
-4.603317e-01
-4.576073e-01
-4.548786e-01
-4.521456e-01
-4.494084e-01
-4.466669e-01
-4.439213e-01
-4.411714e-01
-4.384174e-01
-4.356593e-01
-4.328971e-01
-4.301308e-01
-4.273605e-01
-4.245862e-01
-4.218078e-01
-4.190255e-01
-4.162393e-01
-4.134491e-01
-4.106551e-01
-4.078572e-01
-4.050555e-01
-4.022499e-01
-3.994406e-01
-3.966275e-01
-3.938107e-01
-3.909902e-01
-3.881660e-01
-3.853381e-01
-3.825067e-01
-3.796716e-01
-3.768330e-01
-3.739908e-01
-3.711451e-01
-3.682959e-01
-3.654433e-01
-3.625872e-01
-3.597277e-01
-3.568648e-01
-3.539986e-01
-3.511290e-01
-3.482561e-01
-3.453800e-01
-3.425006e-01
-3.396180e-01
-3.367322e-01
-3.338433e-01
-3.309511e-01
-3.280559e-01
-3.251576e-01
-3.222563e-01
-3.193519e-01
-3.164445e-01
-3.135341e-01
-3.106208e-01
-3.077046e-01
-3.047854e-01
-3.018634e-01
-2.989386e-01
-2.960110e-01
-2.930805e-01
-2.901474e-01
-2.872114e-01
-2.842728e-01
-2.813315e-01
-2.783876e-01
-2.754411e-01
-2.724919e-01
-2.695402e-01
-2.665860e-01
-2.636292e-01
-2.606700e-01
-2.577083e-01
-2.547442e-01
-2.517777e-01
-2.488089e-01
-2.458377e-01
-2.428642e-01
-2.398884e-01
-2.369103e-01
-2.339301e-01
-2.309476e-01
-2.279629e-01
-2.249761e-01
-2.219872e-01
-2.189962e-01
-2.160032e-01
-2.130081e-01
-2.100110e-01
-2.070119e-01
-2.040109e-01
-2.010080e-01
-1.980032e-01
-1.949965e-01
-1.919880e-01
-1.889777e-01
-1.859656e-01
-1.829517e-01
-1.799361e-01
-1.769189e-01
-1.739000e-01
-1.708794e-01
-1.678572e-01
-1.648335e-01
-1.618082e-01
-1.587814e-01
-1.557531e-01
-1.527233e-01
-1.496921e-01
-1.466595e-01
-1.436255e-01
-1.405902e-01
-1.375535e-01
-1.345155e-01
-1.314763e-01
-1.284358e-01
-1.253942e-01
-1.223513e-01
-1.193073e-01
-1.162622e-01
-1.132160e-01
-1.101687e-01
-1.071204e-01
-1.040711e-01
-1.010208e-01
-9.796953e-02
-9.491736e-02
-9.186430e-02
-8.881037e-02
-8.575561e-02
-8.270004e-02
-7.964369e-02
-7.658660e-02
-7.352878e-02
-7.047028e-02
-6.741111e-02
-6.435130e-02
-6.129089e-02
-5.822991e-02
-5.516838e-02
-5.210633e-02
-4.904378e-02
-4.598078e-02
-4.291735e-02
-3.985351e-02
-3.678930e-02
-3.372474e-02
-3.065986e-02
-2.759470e-02
-2.452927e-02
-2.146362e-02
-1.839776e-02
-1.533173e-02
-1.226556e-02
-9.199270e-03
-6.132895e-03
-3.066462e-03
