1.533606e-03
3.067209e-03
4.600804e-03
6.134388e-03
7.667958e-03
9.201510e-03
1.073504e-02
1.226855e-02
1.380202e-02
1.533547e-02
1.686887e-02
1.840224e-02
1.993557e-02
2.146884e-02
2.300207e-02
2.453524e-02
2.606836e-02
2.760141e-02
2.913440e-02
3.066732e-02
3.220017e-02
3.373295e-02
3.526564e-02
3.679825e-02
3.833077e-02
3.986321e-02
4.139555e-02
4.292779e-02
4.445993e-02
4.599197e-02
4.752390e-02
4.905572e-02
5.058742e-02
5.211900e-02
5.365046e-02
5.518180e-02
5.671300e-02
5.824407e-02
5.977501e-02
6.130580e-02
6.283645e-02
6.436695e-02
6.589730e-02
6.742750e-02
6.895753e-02
7.048741e-02
7.201712e-02
7.354665e-02
7.507602e-02
7.660521e-02
7.813422e-02
7.966305e-02
8.119168e-02
8.272013e-02
8.424838e-02
8.577644e-02
8.730429e-02
8.883194e-02
9.035938e-02
9.188660e-02
9.341361e-02
9.494041e-02
9.646697e-02
9.799331e-02
9.951942e-02
1.010453e-01
1.025709e-01
1.040963e-01
1.056215e-01
1.071464e-01
1.086710e-01
1.101954e-01
1.117196e-01
1.132434e-01
1.147671e-01
1.162904e-01
1.178135e-01
1.193362e-01
1.208587e-01
1.223810e-01
1.239029e-01
1.254245e-01
1.269459e-01
1.284669e-01
1.299877e-01
1.315081e-01
1.330283e-01
1.345481e-01
1.360676e-01
1.375868e-01
1.391056e-01
1.406242e-01
1.421424e-01
1.436602e-01
1.451778e-01
1.466949e-01
1.482118e-01
1.497283e-01
1.512444e-01
1.527602e-01
1.542756e-01
1.557907e-01
1.573054e-01
1.588197e-01
1.603337e-01
1.618473e-01
1.633605e-01
1.648733e-01
1.663857e-01
1.678977e-01
1.694094e-01
1.709206e-01
1.724314e-01
1.739419e-01
1.754519e-01
1.769615e-01
1.784707e-01
1.799795e-01
1.814878e-01
1.829958e-01
1.845032e-01
1.860103e-01
1.875169e-01
1.890231e-01
1.905288e-01
1.920341e-01
1.935390e-01
1.950434e-01
1.965473e-01
1.980507e-01
1.995537e-01
2.010563e-01
2.025583e-01
2.040599e-01
2.055610e-01
2.070616e-01
2.085617e-01
2.100614e-01
2.115605e-01
2.130591e-01
2.145573e-01
2.160549e-01
2.175521e-01
2.190487e-01
2.205448e-01
2.220404e-01
2.235354e-01
2.250300e-01
2.265240e-01
2.280174e-01
2.295104e-01
2.310028e-01
2.324946e-01
2.339859e-01
2.354767e-01
2.369669e-01
2.384566e-01
2.399456e-01
2.414342e-01
2.429221e-01
2.444095e-01
2.458963e-01
2.473825e-01
2.488682e-01
2.503532e-01
2.518377e-01
2.533216e-01
2.548049e-01
2.562876e-01
2.577697e-01
2.592511e-01
2.607320e-01
2.622123e-01
2.636919e-01
2.651709e-01
2.666493e-01
2.681271e-01
2.696042e-01
2.710807e-01
2.725566e-01
2.740318e-01
2.755064e-01
2.769803e-01
2.784536e-01
2.799262e-01
2.813982e-01
2.828695e-01
2.843401e-01
2.858101e-01
2.872794e-01
2.887480e-01
2.902159e-01
2.916832e-01
2.931498e-01
2.946157e-01
2.960809e-01
2.975453e-01
2.990091e-01
3.004722e-01
3.019346e-01
3.033963e-01
3.048573e-01
3.063175e-01
3.077770e-01
3.092358e-01
3.106939e-01
3.121512e-01
3.136079e-01
3.150637e-01
3.165189e-01
3.179732e-01
3.194269e-01
3.208798e-01
3.223319e-01
3.237833e-01
3.252339e-01
3.266837e-01
3.281328e-01
3.295811e-01
3.310286e-01
3.324754e-01
3.339214e-01
3.353666e-01
3.368110e-01
3.382546e-01
3.396974e-01
3.411394e-01
3.425806e-01
3.440210e-01
3.454606e-01
3.468994e-01
3.483373e-01
3.497745e-01
3.512108e-01
3.526463e-01
3.540810e-01
3.555148e-01
3.569478e-01
3.583800e-01
3.598113e-01
3.612417e-01
3.626714e-01
3.641001e-01
3.655280e-01
3.669551e-01
3.683813e-01
3.698066e-01
3.712310e-01
3.726546e-01
3.740773e-01
3.754992e-01
3.769201e-01
3.783401e-01
3.797593e-01
3.811776e-01
3.825950e-01
3.840114e-01
3.854270e-01
3.868417e-01
3.882554e-01
3.896683e-01
3.910802e-01
3.924912e-01
3.939013e-01
3.953104e-01
3.967186e-01
3.981259e-01
3.995323e-01
4.009377e-01
4.023422e-01
4.037457e-01
4.051483e-01
4.065499e-01
4.079506e-01
4.093503e-01
4.107490e-01
4.121468e-01
4.135436e-01
4.149395e-01
4.163343e-01
4.177282e-01
4.191211e-01
4.205130e-01
4.219039e-01
4.232939e-01
4.246828e-01
4.260708e-01
4.274577e-01
4.288436e-01
4.302286e-01
4.316125e-01
4.329954e-01
4.343772e-01
4.357581e-01
4.371379e-01
4.385167e-01
4.398945e-01
4.412712e-01
4.426469e-01
4.440216e-01
4.453952e-01
4.467678e-01
4.481393e-01
4.495097e-01
4.508792e-01
4.522475e-01
4.536148e-01
4.549810e-01
4.563461e-01
4.577102e-01
4.590732e-01
4.604351e-01
4.617959e-01
4.631557e-01
4.645143e-01
4.658719e-01
4.672284e-01
4.685837e-01
4.699380e-01
4.712912e-01
4.726432e-01
4.739942e-01
4.753440e-01
4.766927e-01
4.780403e-01
4.793867e-01
4.807321e-01
4.820763e-01
4.834193e-01
4.847613e-01
4.861021e-01
4.874417e-01
4.887802e-01
4.901176e-01
4.914538e-01
4.927888e-01
4.941227e-01
4.954554e-01
4.967870e-01
4.981174e-01
4.994466e-01
5.007746e-01
5.021015e-01
5.034272e-01
5.047517e-01
5.060750e-01
5.073971e-01
5.087181e-01
5.100378e-01
5.113563e-01
5.126737e-01
5.139898e-01
5.153047e-01
5.166184e-01
5.179309e-01
5.192422e-01
5.205522e-01
5.218611e-01
5.231687e-01
5.244750e-01
5.257802e-01
5.270841e-01
5.283867e-01
5.296881e-01
5.309883e-01
5.322872e-01
5.335849e-01
5.348813e-01
5.361765e-01
5.374704e-01
5.387630e-01
5.400544e-01
5.413445e-01
5.426333e-01
5.439208e-01
5.452071e-01
5.464921e-01
5.477758e-01
5.490582e-01
5.503393e-01
5.516191e-01
5.528976e-01
5.541749e-01
5.554508e-01
5.567254e-01
5.579987e-01
5.592707e-01
5.605414e-01
5.618107e-01
5.630788e-01
5.643455e-01
5.656109e-01
5.668749e-01
5.681377e-01
5.693991e-01
5.706591e-01
5.719178e-01
5.731752e-01
5.744312e-01
5.756859e-01
5.769392e-01
5.781911e-01
5.794417e-01
5.806909e-01
5.819388e-01
5.831853e-01
5.844304e-01
5.856742e-01
5.869165e-01
5.881575e-01
5.893971e-01
5.906353e-01
5.918722e-01
5.931076e-01
5.943417e-01
5.955743e-01
5.968056e-01
5.980354e-01
5.992638e-01
6.004909e-01
6.017165e-01
6.029407e-01
6.041635e-01
6.053848e-01
6.066047e-01
6.078233e-01
6.090403e-01
6.102560e-01
6.114702e-01
6.126830e-01
6.138943e-01
6.151042e-01
6.163126e-01
6.175196e-01
6.187252e-01
6.199292e-01
6.211319e-01
6.223330e-01
6.235327e-01
6.247310e-01
6.259277e-01
6.271230e-01
6.283169e-01
6.295092e-01
6.307001e-01
6.318894e-01
6.330773e-01
6.342637e-01
6.354486e-01
6.366321e-01
6.378140e-01
6.389944e-01
6.401733e-01
6.413507e-01
6.425266e-01
6.437010e-01
6.448739e-01
6.460453e-01
6.472151e-01
6.483834e-01
6.495502e-01
6.507155e-01
6.518792e-01
6.530414e-01
6.542021e-01
6.553612e-01
6.565188e-01
6.576748e-01
6.588293e-01
6.599823e-01
6.611337e-01
6.622835e-01
6.634318e-01
6.645785e-01
6.657237e-01
6.668673e-01
6.680093e-01
6.691497e-01
6.702886e-01
6.714259e-01
6.725616e-01
6.736958e-01
6.748283e-01
6.759593e-01
6.770887e-01
6.782165e-01
6.793427e-01
6.804673e-01
6.815902e-01
6.827116e-01
6.838314e-01
6.849496e-01
6.860662e-01
6.871811e-01
6.882945e-01
6.894062e-01
6.905163e-01
6.916247e-01
6.927316e-01
6.938368e-01
6.949404e-01
6.960423e-01
6.971426e-01
6.982413e-01
6.993383e-01
7.004337e-01
7.015275e-01
7.026196e-01
7.037100e-01
7.047988e-01
7.058859e-01
7.069714e-01
7.080552e-01
7.091373e-01
7.102178e-01
7.112966e-01
7.123737e-01
7.134491e-01
7.145229e-01
7.155950e-01
7.166654e-01
7.177341e-01
7.188011e-01
7.198665e-01
7.209301e-01
7.219921e-01
7.230523e-01
7.241109e-01
7.251677e-01
7.262229e-01
7.272763e-01
7.283281e-01
7.293781e-01
7.304264e-01
7.314730e-01
7.325178e-01
7.335610e-01
7.346024e-01
7.356420e-01
7.366800e-01
7.377162e-01
7.387507e-01
7.397835e-01
7.408145e-01
7.418437e-01
7.428713e-01
7.438970e-01
7.449211e-01
7.459433e-01
7.469639e-01
7.479826e-01
7.489996e-01
7.500149e-01
7.510283e-01
7.520400e-01
7.530500e-01
7.540582e-01
7.550646e-01
7.560692e-01
7.570720e-01
7.580731e-01
7.590724e-01
7.600699e-01
7.610656e-01
7.620595e-01
7.630516e-01
7.640419e-01
7.650305e-01
7.660172e-01
7.670021e-01
7.679853e-01
7.689666e-01
7.699461e-01
7.709238e-01
7.718997e-01
7.728738e-01
7.738460e-01
7.748165e-01
7.757851e-01
7.767519e-01
7.777168e-01
7.786800e-01
7.796413e-01
7.806007e-01
7.815584e-01
7.825142e-01
7.834681e-01
7.844202e-01
7.853705e-01
7.863189e-01
7.872655e-01
7.882102e-01
7.891531e-01
7.900941e-01
7.910332e-01
7.919705e-01
7.929059e-01
7.938395e-01
7.947712e-01
7.957010e-01
7.966290e-01
7.975550e-01
7.984793e-01
7.994016e-01
8.003220e-01
8.012406e-01
8.021573e-01
8.030721e-01
8.039850e-01
8.048960e-01
8.058051e-01
8.067123e-01
8.076176e-01
8.085211e-01
8.094226e-01
8.103222e-01
8.112199e-01
8.121158e-01
8.130097e-01
8.139016e-01
8.147917e-01
8.156799e-01
8.165661e-01
8.174504e-01
8.183328e-01
8.192133e-01
8.200918e-01
8.209684e-01
8.218431e-01
8.227159e-01
8.235867e-01
8.244556e-01
8.253225e-01
8.261875e-01
8.270506e-01
8.279117e-01
8.287708e-01
8.296281e-01
8.304833e-01
8.313366e-01
8.321880e-01
8.330374e-01
8.338848e-01
8.347303e-01
8.355738e-01
8.364153e-01
8.372549e-01
8.380925e-01
8.389282e-01
8.397618e-01
8.405935e-01
8.414233e-01
8.422510e-01
8.430767e-01
8.439005e-01
8.447223e-01
8.455421e-01
8.463599e-01
8.471757e-01
8.479896e-01
8.488014e-01
8.496112e-01
8.504191e-01
8.512249e-01
8.520288e-01
8.528306e-01
8.536304e-01
8.544282e-01
8.552240e-01
8.560178e-01
8.568096e-01
8.575994e-01
8.583872e-01
8.591729e-01
8.599566e-01
8.607383e-01
8.615180e-01
8.622956e-01
8.630712e-01
8.638448e-01
8.646163e-01
8.653859e-01
8.661533e-01
8.669188e-01
8.676822e-01
8.684436e-01
8.692029e-01
8.699602e-01
8.707154e-01
8.714686e-01
8.722197e-01
8.729688e-01
8.737158e-01
8.744608e-01
8.752037e-01
8.759446e-01
8.766834e-01
8.774201e-01
8.781548e-01
8.788874e-01
8.796179e-01
8.803464e-01
8.810728e-01
8.817972e-01
8.825194e-01
8.832396e-01
8.839577e-01
8.846737e-01
8.853877e-01
8.860995e-01
8.868093e-01
8.875170e-01
8.882226e-01
8.889261e-01
8.896275e-01
8.903269e-01
8.910241e-01
8.917192e-01
8.924123e-01
8.931032e-01
8.937921e-01
8.944788e-01
8.951635e-01
8.958460e-01
8.965264e-01
8.972047e-01
8.978810e-01
8.985551e-01
8.992270e-01
8.998969e-01
9.005647e-01
9.012303e-01
9.018938e-01
9.025552e-01
9.032145e-01
9.038716e-01
9.045266e-01
9.051795e-01
9.058303e-01
9.064789e-01
9.071254e-01
9.077698e-01
9.084120e-01
9.090521e-01
9.096901e-01
9.103259e-01
9.109596e-01
9.115911e-01
9.122205e-01
9.128477e-01
9.134728e-01
9.140958e-01
9.147166e-01
9.153352e-01
9.159517e-01
9.165661e-01
9.171783e-01
9.177883e-01
9.183962e-01
9.190019e-01
9.196054e-01
9.202068e-01
9.208060e-01
9.214031e-01
9.219980e-01
9.225907e-01
9.231813e-01
9.237696e-01
9.243558e-01
9.249399e-01
9.255217e-01
9.261014e-01
9.266789e-01
9.272542e-01
9.278274e-01
9.283983e-01
9.289671e-01
9.295337e-01
9.300981e-01
9.306603e-01
9.312204e-01
9.317782e-01
9.323338e-01
9.328873e-01
9.334386e-01
9.339876e-01
9.345345e-01
9.350792e-01
9.356216e-01
9.361619e-01
9.367000e-01
9.372358e-01
9.377695e-01
9.383010e-01
9.388302e-01
9.393572e-01
9.398821e-01
9.404047e-01
9.409251e-01
9.414433e-01
9.419593e-01
9.424730e-01
9.429846e-01
9.434939e-01
9.440010e-01
9.445059e-01
9.450086e-01
9.455091e-01
9.460073e-01
9.465033e-01
9.469970e-01
9.474886e-01
9.479779e-01
9.484650e-01
9.489499e-01
9.494325e-01
9.499129e-01
9.503910e-01
9.508670e-01
9.513406e-01
9.518121e-01
9.522813e-01
9.527483e-01
9.532130e-01
9.536755e-01
9.541357e-01
9.545937e-01
9.550495e-01
9.555030e-01
9.559543e-01
9.564033e-01
9.568500e-01
9.572946e-01
9.577368e-01
9.581768e-01
9.586146e-01
9.590501e-01
9.594833e-01
9.599143e-01
9.603431e-01
9.607695e-01
9.611938e-01
9.616157e-01
9.620354e-01
9.624528e-01
9.628680e-01
9.632809e-01
9.636915e-01
9.640999e-01
9.645060e-01
9.649098e-01
9.653114e-01
9.657107e-01
9.661077e-01
9.665025e-01
9.668949e-01
9.672851e-01
9.676731e-01
9.680587e-01
9.684421e-01
9.688232e-01
9.692020e-01
9.695785e-01
9.699528e-01
9.703248e-01
9.706945e-01
9.710619e-01
9.714270e-01
9.717898e-01
9.721504e-01
9.725087e-01
9.728647e-01
9.732183e-01
9.735698e-01
9.739189e-01
9.742657e-01
9.746102e-01
9.749525e-01
9.752924e-01
9.756301e-01
9.759654e-01
9.762985e-01
9.766293e-01
9.769577e-01
9.772839e-01
9.776078e-01
9.779294e-01
9.782486e-01
9.785656e-01
9.788803e-01
9.791927e-01
9.795027e-01
9.798105e-01
9.801160e-01
9.804191e-01
9.807200e-01
9.810185e-01
9.813147e-01
9.816087e-01
9.819003e-01
9.821896e-01
9.824766e-01
9.827613e-01
9.830437e-01
9.833237e-01
9.836015e-01
9.838769e-01
9.841501e-01
9.844209e-01
9.846894e-01
9.849555e-01
9.852194e-01
9.854809e-01
9.857402e-01
9.859971e-01
9.862517e-01
9.865039e-01
9.867539e-01
9.870015e-01
9.872468e-01
9.874898e-01
9.877305e-01
9.879688e-01
9.882048e-01
9.884385e-01
9.886699e-01
9.888989e-01
9.891257e-01
9.893501e-01
9.895721e-01
9.897919e-01
9.900093e-01
9.902243e-01
9.904371e-01
9.906475e-01
9.908556e-01
9.910614e-01
9.912648e-01
9.914659e-01
9.916647e-01
9.918611e-01
9.920552e-01
9.922470e-01
9.924364e-01
9.926235e-01
9.928083e-01
9.929907e-01
9.931708e-01
9.933486e-01
9.935240e-01
9.936971e-01
9.938678e-01
9.940362e-01
9.942023e-01
9.943660e-01
9.945274e-01
9.946865e-01
9.948432e-01
9.949976e-01
9.951496e-01
9.952993e-01
9.954467e-01
9.955917e-01
9.957344e-01
9.958747e-01
9.960127e-01
9.961483e-01
9.962816e-01
9.964126e-01
9.965412e-01
9.966675e-01
9.967914e-01
9.969130e-01
9.970323e-01
9.971492e-01
9.972637e-01
9.973759e-01
9.974858e-01
9.975933e-01
9.976984e-01
9.978013e-01
9.979017e-01
9.979999e-01
9.980956e-01
9.981891e-01
9.982802e-01
9.983689e-01
9.984553e-01
9.985393e-01
9.986210e-01
9.987004e-01
9.987774e-01
9.988520e-01
9.989243e-01
9.989942e-01
9.990618e-01
9.991271e-01
9.991900e-01
9.992505e-01
9.993087e-01
9.993646e-01
9.994181e-01
9.994692e-01
9.995180e-01
9.995645e-01
9.996085e-01
9.996503e-01
9.996897e-01
9.997267e-01
9.997614e-01
9.997937e-01
9.998237e-01
9.998514e-01
9.998766e-01
9.998996e-01
9.999202e-01
9.999384e-01
9.999543e-01
9.999678e-01
9.999790e-01
9.999878e-01
9.999942e-01
9.999984e-01
1.000000e+00
9.999995e-01
9.999966e-01
9.999913e-01
9.999837e-01
9.999737e-01
9.999613e-01
9.999466e-01
9.999296e-01
9.999102e-01
9.998884e-01
9.998643e-01
9.998378e-01
9.998090e-01
9.997779e-01
9.997444e-01
9.997085e-01
9.996703e-01
9.996297e-01
9.995868e-01
9.995415e-01
9.994939e-01
9.994439e-01
9.993916e-01
9.993369e-01
9.992799e-01
9.992206e-01
9.991588e-01
9.990948e-01
9.990283e-01
9.989596e-01
9.988884e-01
9.988150e-01
9.987392e-01
9.986610e-01
9.985805e-01
9.984976e-01
9.984124e-01
9.983248e-01
9.982349e-01
9.981427e-01
9.980481e-01
9.979511e-01
9.978518e-01
9.977502e-01
9.976462e-01
9.975398e-01
9.974311e-01
9.973201e-01
9.972067e-01
9.970910e-01
9.969729e-01
9.968525e-01
9.967298e-01
9.966047e-01
9.964772e-01
9.963474e-01
9.962153e-01
9.960808e-01
9.959440e-01
9.958048e-01
9.956633e-01
9.955195e-01
9.953733e-01
9.952248e-01
9.950739e-01
9.949207e-01
9.947651e-01
9.946073e-01
9.944470e-01
9.942845e-01
9.941196e-01
9.939523e-01
9.937827e-01
9.936108e-01
9.934366e-01
9.932600e-01
9.930810e-01
9.928998e-01
9.927162e-01
9.925302e-01
9.923420e-01
9.921514e-01
9.919584e-01
9.917632e-01
9.915656e-01
9.913656e-01
9.911634e-01
9.909588e-01
9.907519e-01
9.905426e-01
9.903310e-01
9.901171e-01
9.899008e-01
9.896823e-01
9.894614e-01
9.892381e-01
9.890126e-01
9.887847e-01
9.885545e-01
9.883220e-01
9.880871e-01
9.878499e-01
9.876104e-01
9.873686e-01
9.871245e-01
9.868780e-01
9.866292e-01
9.863781e-01
9.861247e-01
9.858689e-01
9.856108e-01
9.853505e-01
9.850878e-01
9.848227e-01
9.845554e-01
9.842857e-01
9.840138e-01
9.837395e-01
9.834629e-01
9.831840e-01
9.829028e-01
9.826192e-01
9.823334e-01
9.820452e-01
9.817548e-01
9.814620e-01
9.811669e-01
9.808695e-01
9.805698e-01
9.802678e-01
9.799635e-01
9.796569e-01
9.793480e-01
9.790368e-01
9.787232e-01
9.784074e-01
9.780893e-01
9.777689e-01
9.774461e-01
9.771211e-01
9.767938e-01
9.764642e-01
9.761323e-01
9.757980e-01
9.754615e-01
9.751227e-01
9.747816e-01
9.744383e-01
9.740926e-01
9.737446e-01
9.733943e-01
9.730418e-01
9.726869e-01
9.723298e-01
9.719704e-01
9.716087e-01
9.712447e-01
9.708785e-01
9.705099e-01
9.701391e-01
9.697659e-01
9.693905e-01
9.690129e-01
9.686329e-01
9.682507e-01
9.678662e-01
9.674794e-01
9.670903e-01
9.666990e-01
9.663054e-01
9.659095e-01
9.655113e-01
9.651109e-01
9.647082e-01
9.643032e-01
9.638960e-01
9.634865e-01
9.630747e-01
9.626607e-01
9.622444e-01
9.618258e-01
9.614050e-01
9.609819e-01
9.605566e-01
9.601290e-01
9.596991e-01
9.592670e-01
9.588326e-01
9.583960e-01
9.579571e-01
9.575160e-01
9.570726e-01
9.566269e-01
9.561791e-01
9.557289e-01
9.552765e-01
9.548219e-01
9.543650e-01
9.539059e-01
9.534445e-01
9.529809e-01
9.525151e-01
9.520470e-01
9.515767e-01
9.511041e-01
9.506293e-01
9.501522e-01
9.496730e-01
9.491915e-01
9.487077e-01
9.482217e-01
9.477335e-01
9.472431e-01
9.467504e-01
9.462556e-01
9.457584e-01
9.452591e-01
9.447575e-01
9.442538e-01
9.437478e-01
9.432395e-01
9.427291e-01
9.422164e-01
9.417016e-01
9.411845e-01
9.406652e-01
9.401437e-01
9.396199e-01
9.390940e-01
9.385659e-01
9.380355e-01
9.375029e-01
9.369682e-01
9.364312e-01
9.358920e-01
9.353507e-01
9.348071e-01
9.342613e-01
9.337134e-01
9.331632e-01
9.326108e-01
9.320563e-01
9.314996e-01
9.309406e-01
9.303795e-01
9.298162e-01
9.292507e-01
9.286830e-01
9.281131e-01
9.275411e-01
9.269668e-01
9.263904e-01
9.258118e-01
9.252311e-01
9.246481e-01
9.240630e-01
9.234757e-01
9.228863e-01
9.222946e-01
9.217008e-01
9.211048e-01
9.205067e-01
9.199064e-01
9.193039e-01
9.186993e-01
9.180925e-01
9.174836e-01
9.168724e-01
9.162592e-01
9.156438e-01
9.150262e-01
9.144065e-01
9.137846e-01
9.131606e-01
9.125344e-01
9.119061e-01
9.112756e-01
9.106430e-01
9.100083e-01
9.093714e-01
9.087323e-01
9.080912e-01
9.074479e-01
9.068024e-01
9.061549e-01
9.055052e-01
9.048533e-01
9.041994e-01
9.035433e-01
9.028851e-01
9.022248e-01
9.015623e-01
9.008977e-01
9.002310e-01
8.995622e-01
8.988913e-01
8.982183e-01
8.975431e-01
8.968659e-01
8.961865e-01
8.955050e-01
8.948214e-01
8.941357e-01
8.934479e-01
8.927580e-01
8.920660e-01
8.913719e-01
8.906757e-01
8.899775e-01
8.892771e-01
8.885746e-01
8.878701e-01
8.871634e-01
8.864547e-01
8.857439e-01
8.850309e-01
8.843160e-01
8.835989e-01
8.828798e-01
8.821585e-01
8.814352e-01
8.807099e-01
8.799824e-01
8.792529e-01
8.785214e-01
8.777877e-01
8.770520e-01
8.763142e-01
8.755744e-01
8.748325e-01
8.740886e-01
8.733426e-01
8.725945e-01
8.718444e-01
8.710922e-01
8.703380e-01
8.695818e-01
8.688235e-01
8.680631e-01
8.673007e-01
8.665363e-01
8.657699e-01
8.650014e-01
8.642308e-01
8.634583e-01
8.626837e-01
8.619070e-01
8.611284e-01
8.603477e-01
8.595650e-01
8.587803e-01
8.579935e-01
8.572048e-01
8.564140e-01
8.556212e-01
8.548264e-01
8.540296e-01
8.532308e-01
8.524299e-01
8.516271e-01
8.508222e-01
8.500154e-01
8.492066e-01
8.483957e-01
8.475829e-01
8.467681e-01
8.459513e-01
8.451324e-01
8.443117e-01
8.434889e-01
8.426641e-01
8.418374e-01
8.410086e-01
8.401779e-01
8.393453e-01
8.385106e-01
8.376740e-01
8.368354e-01
8.359948e-01
8.351523e-01
8.343078e-01
8.334613e-01
8.326129e-01
8.317625e-01
8.309102e-01
8.300559e-01
8.291997e-01
8.283415e-01
8.274814e-01
8.266193e-01
8.257553e-01
8.248893e-01
8.240214e-01
8.231515e-01
8.222797e-01
8.214060e-01
8.205304e-01
8.196528e-01
8.187733e-01
8.178919e-01
8.170085e-01
8.161232e-01
8.152360e-01
8.143469e-01
8.134559e-01
8.125629e-01
8.116681e-01
8.107713e-01
8.098727e-01
8.089721e-01
8.080696e-01
8.071652e-01
8.062589e-01
8.053508e-01
8.044407e-01
8.035287e-01
8.026149e-01
8.016992e-01
8.007815e-01
7.998620e-01
7.989406e-01
7.980174e-01
7.970922e-01
7.961652e-01
7.952363e-01
7.943056e-01
7.933729e-01
7.924385e-01
7.915021e-01
7.905639e-01
7.896238e-01
7.886819e-01
7.877381e-01
7.867924e-01
7.858449e-01
7.848956e-01
7.839444e-01
7.829914e-01
7.820365e-01
7.810798e-01
7.801212e-01
7.791608e-01
7.781986e-01
7.772346e-01
7.762687e-01
7.753010e-01
7.743315e-01
7.733601e-01
7.723870e-01
7.714120e-01
7.704352e-01
7.694566e-01
7.684762e-01
7.674939e-01
7.665099e-01
7.655241e-01
7.645364e-01
7.635470e-01
7.625558e-01
7.615628e-01
7.605679e-01
7.595713e-01
7.585730e-01
7.575728e-01
7.565708e-01
7.555671e-01
7.545616e-01
7.535543e-01
7.525452e-01
7.515344e-01
7.505218e-01
7.495075e-01
7.484913e-01
7.474735e-01
7.464538e-01
7.454324e-01
7.444093e-01
7.433844e-01
7.423577e-01
7.413293e-01
7.402992e-01
7.392673e-01
7.382337e-01
7.371983e-01
7.361612e-01
7.351224e-01
7.340819e-01
7.330396e-01
7.319956e-01
7.309499e-01
7.299024e-01
7.288533e-01
7.278024e-01
7.267498e-01
7.256955e-01
7.246395e-01
7.235818e-01
7.225224e-01
7.214613e-01
7.203985e-01
7.193340e-01
7.182678e-01
7.172000e-01
7.161304e-01
7.150591e-01
7.139862e-01
7.129116e-01
7.118353e-01
7.107574e-01
7.096777e-01
7.085964e-01
7.075135e-01
7.064288e-01
7.053425e-01
7.042546e-01
7.031650e-01
7.020737e-01
7.009808e-01
6.998862e-01
6.987900e-01
6.976922e-01
6.965927e-01
6.954916e-01
6.943888e-01
6.932844e-01
6.921784e-01
6.910707e-01
6.899614e-01
6.888505e-01
6.877380e-01
6.866238e-01
6.855081e-01
6.843907e-01
6.832717e-01
6.821511e-01
6.810289e-01
6.799052e-01
6.787798e-01
6.776528e-01
6.765242e-01
6.753940e-01
6.742623e-01
6.731289e-01
6.719940e-01
6.708575e-01
6.697194e-01
6.685797e-01
6.674385e-01
6.662957e-01
6.651513e-01
6.640053e-01
6.628578e-01
6.617088e-01
6.605582e-01
6.594060e-01
6.582523e-01
6.570970e-01
6.559402e-01
6.547818e-01
6.536219e-01
6.524605e-01
6.512975e-01
6.501330e-01
6.489670e-01
6.477994e-01
6.466304e-01
6.454598e-01
6.442876e-01
6.431140e-01
6.419389e-01
6.407622e-01
6.395840e-01
6.384044e-01
6.372232e-01
6.360405e-01
6.348564e-01
6.336707e-01
6.324836e-01
6.312949e-01
6.301048e-01
6.289132e-01
6.277201e-01
6.265256e-01
6.253295e-01
6.241320e-01
6.229331e-01
6.217326e-01
6.205307e-01
6.193274e-01
6.181226e-01
6.169163e-01
6.157086e-01
6.144994e-01
6.132888e-01
6.120768e-01
6.108633e-01
6.096483e-01
6.084320e-01
6.072142e-01
6.059950e-01
6.047743e-01
6.035522e-01
6.023287e-01
6.011038e-01
5.998775e-01
5.986498e-01
5.974207e-01
5.961901e-01
5.949582e-01
5.937248e-01
5.924901e-01
5.912539e-01
5.900164e-01
5.887775e-01
5.875372e-01
5.862955e-01
5.850525e-01
5.838080e-01
5.825622e-01
5.813150e-01
5.800665e-01
5.788166e-01
5.775653e-01
5.763127e-01
5.750587e-01
5.738034e-01
5.725467e-01
5.712886e-01
5.700293e-01
5.687685e-01
5.675065e-01
5.662431e-01
5.649784e-01
5.637123e-01
5.624449e-01
5.611762e-01
5.599062e-01
5.586349e-01
5.573622e-01
5.560883e-01
5.548130e-01
5.535364e-01
5.522585e-01
5.509794e-01
5.496989e-01
5.484171e-01
5.471341e-01
5.458497e-01
5.445641e-01
5.432772e-01
5.419890e-01
5.406996e-01
5.394088e-01
5.381168e-01
5.368236e-01
5.355290e-01
5.342333e-01
5.329362e-01
5.316379e-01
5.303384e-01
5.290376e-01
5.277355e-01
5.264323e-01
5.251277e-01
5.238220e-01
5.225150e-01
5.212068e-01
5.198974e-01
5.185867e-01
5.172748e-01
5.159617e-01
5.146474e-01
5.133319e-01
5.120152e-01
5.106972e-01
5.093781e-01
5.080578e-01
5.067362e-01
5.054135e-01
5.040896e-01
5.027645e-01
5.014382e-01
5.001108e-01
4.987821e-01
4.974523e-01
4.961214e-01
4.947892e-01
4.934559e-01
4.921214e-01
4.907858e-01
4.894490e-01
4.881111e-01
4.867720e-01
4.854318e-01
4.840905e-01
4.827480e-01
4.814043e-01
4.800595e-01
4.787136e-01
4.773666e-01
4.760185e-01
4.746692e-01
4.733188e-01
4.719673e-01
4.706147e-01
4.692610e-01
4.679062e-01
4.665503e-01
4.651933e-01
4.638351e-01
4.624759e-01
4.611157e-01
4.597543e-01
4.583918e-01
4.570283e-01
4.556637e-01
4.542980e-01
4.529313e-01
4.515635e-01
4.501946e-01
4.488246e-01
4.474537e-01
4.460816e-01
4.447085e-01
4.433344e-01
4.419592e-01
4.405830e-01
4.392057e-01
4.378275e-01
4.364481e-01
4.350678e-01
4.336864e-01
4.323040e-01
4.309206e-01
4.295362e-01
4.281508e-01
4.267644e-01
4.253769e-01
4.239885e-01
4.225990e-01
4.212086e-01
4.198172e-01
4.184248e-01
4.170314e-01
4.156370e-01
4.142417e-01
4.128453e-01
4.114480e-01
4.100498e-01
4.086506e-01
4.072504e-01
4.058492e-01
4.044471e-01
4.030441e-01
4.016401e-01
4.002351e-01
3.988292e-01
3.974224e-01
3.960146e-01
3.946060e-01
3.931963e-01
3.917858e-01
3.903743e-01
3.889619e-01
3.875487e-01
3.861344e-01
3.847193e-01
3.833033e-01
3.818864e-01
3.804686e-01
3.790498e-01
3.776302e-01
3.762097e-01
3.747884e-01
3.733661e-01
3.719429e-01
3.705189e-01
3.690940e-01
3.676683e-01
3.662417e-01
3.648142e-01
3.633858e-01
3.619567e-01
3.605266e-01
3.590957e-01
3.576640e-01
3.562314e-01
3.547980e-01
3.533637e-01
3.519286e-01
3.504927e-01
3.490560e-01
3.476184e-01
3.461801e-01
3.447409e-01
3.433009e-01
3.418601e-01
3.404185e-01
3.389761e-01
3.375329e-01
3.360889e-01
3.346441e-01
3.331985e-01
3.317521e-01
3.303050e-01
3.288571e-01
3.274084e-01
3.259589e-01
3.245087e-01
3.230577e-01
3.216059e-01
3.201534e-01
3.187002e-01
3.172461e-01
3.157914e-01
3.143359e-01
3.128796e-01
3.114227e-01
3.099650e-01
3.085065e-01
3.070474e-01
3.055875e-01
3.041269e-01
3.026655e-01
3.012035e-01
2.997408e-01
2.982773e-01
2.968132e-01
2.953483e-01
2.938828e-01
2.924166e-01
2.909497e-01
2.894821e-01
2.880138e-01
2.865448e-01
2.850752e-01
2.836049e-01
2.821339e-01
2.806623e-01
2.791900e-01
2.777170e-01
2.762434e-01
2.747692e-01
2.732943e-01
2.718187e-01
2.703425e-01
2.688657e-01
2.673883e-01
2.659102e-01
2.644315e-01
2.629521e-01
2.614722e-01
2.599916e-01
2.585105e-01
2.570287e-01
2.555463e-01
2.540633e-01
2.525797e-01
2.510956e-01
2.496108e-01
2.481254e-01
2.466395e-01
2.451530e-01
2.436659e-01
2.421782e-01
2.406900e-01
2.392012e-01
2.377118e-01
2.362219e-01
2.347314e-01
2.332404e-01
2.317488e-01
2.302567e-01
2.287640e-01
2.272708e-01
2.257770e-01
2.242828e-01
2.227880e-01
2.212926e-01
2.197968e-01
2.183004e-01
2.168036e-01
2.153062e-01
2.138083e-01
2.123099e-01
2.108110e-01
2.093116e-01
2.078117e-01
2.063114e-01
2.048105e-01
2.033092e-01
2.018073e-01
2.003051e-01
1.988023e-01
1.972991e-01
1.957954e-01
1.942912e-01
1.927866e-01
1.912815e-01
1.897760e-01
1.882701e-01
1.867637e-01
1.852568e-01
1.837496e-01
1.822418e-01
1.807337e-01
1.792251e-01
1.777162e-01
1.762068e-01
1.746969e-01
1.731867e-01
1.716761e-01
1.701650e-01
1.686536e-01
1.671418e-01
1.656295e-01
1.641169e-01
1.626039e-01
1.610905e-01
1.595768e-01
1.580626e-01
1.565481e-01
1.550332e-01
1.535180e-01
1.520024e-01
1.504864e-01
1.489701e-01
1.474534e-01
1.459364e-01
1.444190e-01
1.429013e-01
1.413833e-01
1.398649e-01
1.383462e-01
1.368272e-01
1.353079e-01
1.337882e-01
1.322682e-01
1.307480e-01
1.292274e-01
1.277065e-01
1.261853e-01
1.246638e-01
1.231420e-01
1.216199e-01
1.200975e-01
1.185749e-01
1.170520e-01
1.155288e-01
1.140053e-01
1.124815e-01
1.109575e-01
1.094333e-01
1.079087e-01
1.063840e-01
1.048589e-01
1.033337e-01
1.018081e-01
1.002824e-01
9.875640e-02
9.723017e-02
9.570372e-02
9.417704e-02
9.265014e-02
9.112302e-02
8.959569e-02
8.806814e-02
8.654039e-02
8.501244e-02
8.348428e-02
8.195593e-02
8.042739e-02
7.889866e-02
7.736974e-02
7.584064e-02
7.431136e-02
7.278191e-02
7.125228e-02
6.972249e-02
6.819253e-02
6.666242e-02
6.513214e-02
6.360172e-02
6.207114e-02
6.054042e-02
5.900956e-02
5.747855e-02
5.594742e-02
5.441615e-02
5.288475e-02
5.135323e-02
4.982158e-02
4.828982e-02
4.675795e-02
4.522597e-02
4.369388e-02
4.216168e-02
4.062939e-02
3.909700e-02
3.756452e-02
3.603196e-02
3.449930e-02
3.296657e-02
3.143376e-02
2.990087e-02
2.836792e-02
2.683490e-02
2.530181e-02
2.376866e-02
2.223546e-02
2.070221e-02
1.916891e-02
1.763556e-02
1.610217e-02
1.456875e-02
1.303529e-02
1.150180e-02
9.968278e-03
8.434737e-03
6.901175e-03
5.367598e-03
3.834007e-03
2.300408e-03
7.668033e-04
-7.668033e-04
-2.300408e-03
-3.834007e-03
-5.367598e-03
-6.901175e-03
-8.434737e-03
-9.968278e-03
-1.150180e-02
-1.303529e-02
-1.456875e-02
-1.610217e-02
-1.763556e-02
-1.916891e-02
-2.070221e-02
-2.223546e-02
-2.376866e-02
-2.530181e-02
-2.683490e-02
-2.836792e-02
-2.990087e-02
-3.143376e-02
-3.296657e-02
-3.449930e-02
-3.603196e-02
-3.756452e-02
-3.909700e-02
-4.062939e-02
-4.216168e-02
-4.369388e-02
-4.522597e-02
-4.675795e-02
-4.828982e-02
-4.982158e-02
-5.135323e-02
-5.288475e-02
-5.441615e-02
-5.594742e-02
-5.747855e-02
-5.900956e-02
-6.054042e-02
-6.207114e-02
-6.360172e-02
-6.513214e-02
-6.666242e-02
-6.819253e-02
-6.972249e-02
-7.125228e-02
-7.278191e-02
-7.431136e-02
-7.584064e-02
-7.736974e-02
-7.889866e-02
-8.042739e-02
-8.195593e-02
-8.348428e-02
-8.501244e-02
-8.654039e-02
-8.806814e-02
-8.959569e-02
-9.112302e-02
-9.265014e-02
-9.417704e-02
-9.570372e-02
-9.723017e-02
-9.875640e-02
-1.002824e-01
-1.018081e-01
-1.033337e-01
-1.048589e-01
-1.063840e-01
-1.079087e-01
-1.094333e-01
-1.109575e-01
-1.124815e-01
-1.140053e-01
-1.155288e-01
-1.170520e-01
-1.185749e-01
-1.200975e-01
-1.216199e-01
-1.231420e-01
-1.246638e-01
-1.261853e-01
-1.277065e-01
-1.292274e-01
-1.307480e-01
-1.322682e-01
-1.337882e-01
-1.353079e-01
-1.368272e-01
-1.383462e-01
-1.398649e-01
-1.413833e-01
-1.429013e-01
-1.444190e-01
-1.459364e-01
-1.474534e-01
-1.489701e-01
-1.504864e-01
-1.520024e-01
-1.535180e-01
-1.550332e-01
-1.565481e-01
-1.580626e-01
-1.595768e-01
-1.610905e-01
-1.626039e-01
-1.641169e-01
-1.656295e-01
-1.671418e-01
-1.686536e-01
-1.701650e-01
-1.716761e-01
-1.731867e-01
-1.746969e-01
-1.762068e-01
-1.777162e-01
-1.792251e-01
-1.807337e-01
-1.822418e-01
-1.837496e-01
-1.852568e-01
-1.867637e-01
-1.882701e-01
-1.897760e-01
-1.912815e-01
-1.927866e-01
-1.942912e-01
-1.957954e-01
-1.972991e-01
-1.988023e-01
-2.003051e-01
-2.018073e-01
-2.033092e-01
-2.048105e-01
-2.063114e-01
-2.078117e-01
-2.093116e-01
-2.108110e-01
-2.123099e-01
-2.138083e-01
-2.153062e-01
-2.168036e-01
-2.183004e-01
-2.197968e-01
-2.212926e-01
-2.227880e-01
-2.242828e-01
-2.257770e-01
-2.272708e-01
-2.287640e-01
-2.302567e-01
-2.317488e-01
-2.332404e-01
-2.347314e-01
-2.362219e-01
-2.377118e-01
-2.392012e-01
-2.406900e-01
-2.421782e-01
-2.436659e-01
-2.451530e-01
-2.466395e-01
-2.481254e-01
-2.496108e-01
-2.510956e-01
-2.525797e-01
-2.540633e-01
-2.555463e-01
-2.570287e-01
-2.585105e-01
-2.599916e-01
-2.614722e-01
-2.629521e-01
-2.644315e-01
-2.659102e-01
-2.673883e-01
-2.688657e-01
-2.703425e-01
-2.718187e-01
-2.732943e-01
-2.747692e-01
-2.762434e-01
-2.777170e-01
-2.791900e-01
-2.806623e-01
-2.821339e-01
-2.836049e-01
-2.850752e-01
-2.865448e-01
-2.880138e-01
-2.894821e-01
-2.909497e-01
-2.924166e-01
-2.938828e-01
-2.953483e-01
-2.968132e-01
-2.982773e-01
-2.997408e-01
-3.012035e-01
-3.026655e-01
-3.041269e-01
-3.055875e-01
-3.070474e-01
-3.085065e-01
-3.099650e-01
-3.114227e-01
-3.128796e-01
-3.143359e-01
-3.157914e-01
-3.172461e-01
-3.187002e-01
-3.201534e-01
-3.216059e-01
-3.230577e-01
-3.245087e-01
-3.259589e-01
-3.274084e-01
-3.288571e-01
-3.303050e-01
-3.317521e-01
-3.331985e-01
-3.346441e-01
-3.360889e-01
-3.375329e-01
-3.389761e-01
-3.404185e-01
-3.418601e-01
-3.433009e-01
-3.447409e-01
-3.461801e-01
-3.476184e-01
-3.490560e-01
-3.504927e-01
-3.519286e-01
-3.533637e-01
-3.547980e-01
-3.562314e-01
-3.576640e-01
-3.590957e-01
-3.605266e-01
-3.619567e-01
-3.633858e-01
-3.648142e-01
-3.662417e-01
-3.676683e-01
-3.690940e-01
-3.705189e-01
-3.719429e-01
-3.733661e-01
-3.747884e-01
-3.762097e-01
-3.776302e-01
-3.790498e-01
-3.804686e-01
-3.818864e-01
-3.833033e-01
-3.847193e-01
-3.861344e-01
-3.875487e-01
-3.889619e-01
-3.903743e-01
-3.917858e-01
-3.931963e-01
-3.946060e-01
-3.960146e-01
-3.974224e-01
-3.988292e-01
-4.002351e-01
-4.016401e-01
-4.030441e-01
-4.044471e-01
-4.058492e-01
-4.072504e-01
-4.086506e-01
-4.100498e-01
-4.114480e-01
-4.128453e-01
-4.142417e-01
-4.156370e-01
-4.170314e-01
-4.184248e-01
-4.198172e-01
-4.212086e-01
-4.225990e-01
-4.239885e-01
-4.253769e-01
-4.267644e-01
-4.281508e-01
-4.295362e-01
-4.309206e-01
-4.323040e-01
-4.336864e-01
-4.350678e-01
-4.364481e-01
-4.378275e-01
-4.392057e-01
-4.405830e-01
-4.419592e-01
-4.433344e-01
-4.447085e-01
-4.460816e-01
-4.474537e-01
-4.488246e-01
-4.501946e-01
-4.515635e-01
-4.529313e-01
-4.542980e-01
-4.556637e-01
-4.570283e-01
-4.583918e-01
-4.597543e-01
-4.611157e-01
-4.624759e-01
-4.638351e-01
-4.651933e-01
-4.665503e-01
-4.679062e-01
-4.692610e-01
-4.706147e-01
-4.719673e-01
-4.733188e-01
-4.746692e-01
-4.760185e-01
-4.773666e-01
-4.787136e-01
-4.800595e-01
-4.814043e-01
-4.827480e-01
-4.840905e-01
-4.854318e-01
-4.867720e-01
-4.881111e-01
-4.894490e-01
-4.907858e-01
-4.921214e-01
-4.934559e-01
-4.947892e-01
-4.961214e-01
-4.974523e-01
-4.987821e-01
-5.001108e-01
-5.014382e-01
-5.027645e-01
-5.040896e-01
-5.054135e-01
-5.067362e-01
-5.080578e-01
-5.093781e-01
-5.106972e-01
-5.120152e-01
-5.133319e-01
-5.146474e-01
-5.159617e-01
-5.172748e-01
-5.185867e-01
-5.198974e-01
-5.212068e-01
-5.225150e-01
-5.238220e-01
-5.251277e-01
-5.264323e-01
-5.277355e-01
-5.290376e-01
-5.303384e-01
-5.316379e-01
-5.329362e-01
-5.342333e-01
-5.355290e-01
-5.368236e-01
-5.381168e-01
-5.394088e-01
-5.406996e-01
-5.419890e-01
-5.432772e-01
-5.445641e-01
-5.458497e-01
-5.471341e-01
-5.484171e-01
-5.496989e-01
-5.509794e-01
-5.522585e-01
-5.535364e-01
-5.548130e-01
-5.560883e-01
-5.573622e-01
-5.586349e-01
-5.599062e-01
-5.611762e-01
-5.624449e-01
-5.637123e-01
-5.649784e-01
-5.662431e-01
-5.675065e-01
-5.687685e-01
-5.700293e-01
-5.712886e-01
-5.725467e-01
-5.738034e-01
-5.750587e-01
-5.763127e-01
-5.775653e-01
-5.788166e-01
-5.800665e-01
-5.813150e-01
-5.825622e-01
-5.838080e-01
-5.850525e-01
-5.862955e-01
-5.875372e-01
-5.887775e-01
-5.900164e-01
-5.912539e-01
-5.924901e-01
-5.937248e-01
-5.949582e-01
-5.961901e-01
-5.974207e-01
-5.986498e-01
-5.998775e-01
-6.011038e-01
-6.023287e-01
-6.035522e-01
-6.047743e-01
-6.059950e-01
-6.072142e-01
-6.084320e-01
-6.096483e-01
-6.108633e-01
-6.120768e-01
-6.132888e-01
-6.144994e-01
-6.157086e-01
-6.169163e-01
-6.181226e-01
-6.193274e-01
-6.205307e-01
-6.217326e-01
-6.229331e-01
-6.241320e-01
-6.253295e-01
-6.265256e-01
-6.277201e-01
-6.289132e-01
-6.301048e-01
-6.312949e-01
-6.324836e-01
-6.336707e-01
-6.348564e-01
-6.360405e-01
-6.372232e-01
-6.384044e-01
-6.395840e-01
-6.407622e-01
-6.419389e-01
-6.431140e-01
-6.442876e-01
-6.454598e-01
-6.466304e-01
-6.477994e-01
-6.489670e-01
-6.501330e-01
-6.512975e-01
-6.524605e-01
-6.536219e-01
-6.547818e-01
-6.559402e-01
-6.570970e-01
-6.582523e-01
-6.594060e-01
-6.605582e-01
-6.617088e-01
-6.628578e-01
-6.640053e-01
-6.651513e-01
-6.662957e-01
-6.674385e-01
-6.685797e-01
-6.697194e-01
-6.708575e-01
-6.719940e-01
-6.731289e-01
-6.742623e-01
-6.753940e-01
-6.765242e-01
-6.776528e-01
-6.787798e-01
-6.799052e-01
-6.810289e-01
-6.821511e-01
-6.832717e-01
-6.843907e-01
-6.855081e-01
-6.866238e-01
-6.877380e-01
-6.888505e-01
-6.899614e-01
-6.910707e-01
-6.921784e-01
-6.932844e-01
-6.943888e-01
-6.954916e-01
-6.965927e-01
-6.976922e-01
-6.987900e-01
-6.998862e-01
-7.009808e-01
-7.020737e-01
-7.031650e-01
-7.042546e-01
-7.053425e-01
-7.064288e-01
-7.075135e-01
-7.085964e-01
-7.096777e-01
-7.107574e-01
-7.118353e-01
-7.129116e-01
-7.139862e-01
-7.150591e-01
-7.161304e-01
-7.172000e-01
-7.182678e-01
-7.193340e-01
-7.203985e-01
-7.214613e-01
-7.225224e-01
-7.235818e-01
-7.246395e-01
-7.256955e-01
-7.267498e-01
-7.278024e-01
-7.288533e-01
-7.299024e-01
-7.309499e-01
-7.319956e-01
-7.330396e-01
-7.340819e-01
-7.351224e-01
-7.361612e-01
-7.371983e-01
-7.382337e-01
-7.392673e-01
-7.402992e-01
-7.413293e-01
-7.423577e-01
-7.433844e-01
-7.444093e-01
-7.454324e-01
-7.464538e-01
-7.474735e-01
-7.484913e-01
-7.495075e-01
-7.505218e-01
-7.515344e-01
-7.525452e-01
-7.535543e-01
-7.545616e-01
-7.555671e-01
-7.565708e-01
-7.575728e-01
-7.585730e-01
-7.595713e-01
-7.605679e-01
-7.615628e-01
-7.625558e-01
-7.635470e-01
-7.645364e-01
-7.655241e-01
-7.665099e-01
-7.674939e-01
-7.684762e-01
-7.694566e-01
-7.704352e-01
-7.714120e-01
-7.723870e-01
-7.733601e-01
-7.743315e-01
-7.753010e-01
-7.762687e-01
-7.772346e-01
-7.781986e-01
-7.791608e-01
-7.801212e-01
-7.810798e-01
-7.820365e-01
-7.829914e-01
-7.839444e-01
-7.848956e-01
-7.858449e-01
-7.867924e-01
-7.877381e-01
-7.886819e-01
-7.896238e-01
-7.905639e-01
-7.915021e-01
-7.924385e-01
-7.933729e-01
-7.943056e-01
-7.952363e-01
-7.961652e-01
-7.970922e-01
-7.980174e-01
-7.989406e-01
-7.998620e-01
-8.007815e-01
-8.016992e-01
-8.026149e-01
-8.035287e-01
-8.044407e-01
-8.053508e-01
-8.062589e-01
-8.071652e-01
-8.080696e-01
-8.089721e-01
-8.098727e-01
-8.107713e-01
-8.116681e-01
-8.125629e-01
-8.134559e-01
-8.143469e-01
-8.152360e-01
-8.161232e-01
-8.170085e-01
-8.178919e-01
-8.187733e-01
-8.196528e-01
-8.205304e-01
-8.214060e-01
-8.222797e-01
-8.231515e-01
-8.240214e-01
-8.248893e-01
-8.257553e-01
-8.266193e-01
-8.274814e-01
-8.283415e-01
-8.291997e-01
-8.300559e-01
-8.309102e-01
-8.317625e-01
-8.326129e-01
-8.334613e-01
-8.343078e-01
-8.351523e-01
-8.359948e-01
-8.368354e-01
-8.376740e-01
-8.385106e-01
-8.393453e-01
-8.401779e-01
-8.410086e-01
-8.418374e-01
-8.426641e-01
-8.434889e-01
-8.443117e-01
-8.451324e-01
-8.459513e-01
-8.467681e-01
-8.475829e-01
-8.483957e-01
-8.492066e-01
-8.500154e-01
-8.508222e-01
-8.516271e-01
-8.524299e-01
-8.532308e-01
-8.540296e-01
-8.548264e-01
-8.556212e-01
-8.564140e-01
-8.572048e-01
-8.579935e-01
-8.587803e-01
-8.595650e-01
-8.603477e-01
-8.611284e-01
-8.619070e-01
-8.626837e-01
-8.634583e-01
-8.642308e-01
-8.650014e-01
-8.657699e-01
-8.665363e-01
-8.673007e-01
-8.680631e-01
-8.688235e-01
-8.695818e-01
-8.703380e-01
-8.710922e-01
-8.718444e-01
-8.725945e-01
-8.733426e-01
-8.740886e-01
-8.748325e-01
-8.755744e-01
-8.763142e-01
-8.770520e-01
-8.777877e-01
-8.785214e-01
-8.792529e-01
-8.799824e-01
-8.807099e-01
-8.814352e-01
-8.821585e-01
-8.828798e-01
-8.835989e-01
-8.843160e-01
-8.850309e-01
-8.857439e-01
-8.864547e-01
-8.871634e-01
-8.878701e-01
-8.885746e-01
-8.892771e-01
-8.899775e-01
-8.906757e-01
-8.913719e-01
-8.920660e-01
-8.927580e-01
-8.934479e-01
-8.941357e-01
-8.948214e-01
-8.955050e-01
-8.961865e-01
-8.968659e-01
-8.975431e-01
-8.982183e-01
-8.988913e-01
-8.995622e-01
-9.002310e-01
-9.008977e-01
-9.015623e-01
-9.022248e-01
-9.028851e-01
-9.035433e-01
-9.041994e-01
-9.048533e-01
-9.055052e-01
-9.061549e-01
-9.068024e-01
-9.074479e-01
-9.080912e-01
-9.087323e-01
-9.093714e-01
-9.100083e-01
-9.106430e-01
-9.112756e-01
-9.119061e-01
-9.125344e-01
-9.131606e-01
-9.137846e-01
-9.144065e-01
-9.150262e-01
-9.156438e-01
-9.162592e-01
-9.168724e-01
-9.174836e-01
-9.180925e-01
-9.186993e-01
-9.193039e-01
-9.199064e-01
-9.205067e-01
-9.211048e-01
-9.217008e-01
-9.222946e-01
-9.228863e-01
-9.234757e-01
-9.240630e-01
-9.246481e-01
-9.252311e-01
-9.258118e-01
-9.263904e-01
-9.269668e-01
-9.275411e-01
-9.281131e-01
-9.286830e-01
-9.292507e-01
-9.298162e-01
-9.303795e-01
-9.309406e-01
-9.314996e-01
-9.320563e-01
-9.326108e-01
-9.331632e-01
-9.337134e-01
-9.342613e-01
-9.348071e-01
-9.353507e-01
-9.358920e-01
-9.364312e-01
-9.369682e-01
-9.375029e-01
-9.380355e-01
-9.385659e-01
-9.390940e-01
-9.396199e-01
-9.401437e-01
-9.406652e-01
-9.411845e-01
-9.417016e-01
-9.422164e-01
-9.427291e-01
-9.432395e-01
-9.437478e-01
-9.442538e-01
-9.447575e-01
-9.452591e-01
-9.457584e-01
-9.462556e-01
-9.467504e-01
-9.472431e-01
-9.477335e-01
-9.482217e-01
-9.487077e-01
-9.491915e-01
-9.496730e-01
-9.501522e-01
-9.506293e-01
-9.511041e-01
-9.515767e-01
-9.520470e-01
-9.525151e-01
-9.529809e-01
-9.534445e-01
-9.539059e-01
-9.543650e-01
-9.548219e-01
-9.552765e-01
-9.557289e-01
-9.561791e-01
-9.566269e-01
-9.570726e-01
-9.575160e-01
-9.579571e-01
-9.583960e-01
-9.588326e-01
-9.592670e-01
-9.596991e-01
-9.601290e-01
-9.605566e-01
-9.609819e-01
-9.614050e-01
-9.618258e-01
-9.622444e-01
-9.626607e-01
-9.630747e-01
-9.634865e-01
-9.638960e-01
-9.643032e-01
-9.647082e-01
-9.651109e-01
-9.655113e-01
-9.659095e-01
-9.663054e-01
-9.666990e-01
-9.670903e-01
-9.674794e-01
-9.678662e-01
-9.682507e-01
-9.686329e-01
-9.690129e-01
-9.693905e-01
-9.697659e-01
-9.701391e-01
-9.705099e-01
-9.708785e-01
-9.712447e-01
-9.716087e-01
-9.719704e-01
-9.723298e-01
-9.726869e-01
-9.730418e-01
-9.733943e-01
-9.737446e-01
-9.740926e-01
-9.744383e-01
-9.747816e-01
-9.751227e-01
-9.754615e-01
-9.757980e-01
-9.761323e-01
-9.764642e-01
-9.767938e-01
-9.771211e-01
-9.774461e-01
-9.777689e-01
-9.780893e-01
-9.784074e-01
-9.787232e-01
-9.790368e-01
-9.793480e-01
-9.796569e-01
-9.799635e-01
-9.802678e-01
-9.805698e-01
-9.808695e-01
-9.811669e-01
-9.814620e-01
-9.817548e-01
-9.820452e-01
-9.823334e-01
-9.826192e-01
-9.829028e-01
-9.831840e-01
-9.834629e-01
-9.837395e-01
-9.840138e-01
-9.842857e-01
-9.845554e-01
-9.848227e-01
-9.850878e-01
-9.853505e-01
-9.856108e-01
-9.858689e-01
-9.861247e-01
-9.863781e-01
-9.866292e-01
-9.868780e-01
-9.871245e-01
-9.873686e-01
-9.876104e-01
-9.878499e-01
-9.880871e-01
-9.883220e-01
-9.885545e-01
-9.887847e-01
-9.890126e-01
-9.892381e-01
-9.894614e-01
-9.896823e-01
-9.899008e-01
-9.901171e-01
-9.903310e-01
-9.905426e-01
-9.907519e-01
-9.909588e-01
-9.911634e-01
-9.913656e-01
-9.915656e-01
-9.917632e-01
-9.919584e-01
-9.921514e-01
-9.923420e-01
-9.925302e-01
-9.927162e-01
-9.928998e-01
-9.930810e-01
-9.932600e-01
-9.934366e-01
-9.936108e-01
-9.937827e-01
-9.939523e-01
-9.941196e-01
-9.942845e-01
-9.944470e-01
-9.946073e-01
-9.947651e-01
-9.949207e-01
-9.950739e-01
-9.952248e-01
-9.953733e-01
-9.955195e-01
-9.956633e-01
-9.958048e-01
-9.959440e-01
-9.960808e-01
-9.962153e-01
-9.963474e-01
-9.964772e-01
-9.966047e-01
-9.967298e-01
-9.968525e-01
-9.969729e-01
-9.970910e-01
-9.972067e-01
-9.973201e-01
-9.974311e-01
-9.975398e-01
-9.976462e-01
-9.977502e-01
-9.978518e-01
-9.979511e-01
-9.980481e-01
-9.981427e-01
-9.982349e-01
-9.983248e-01
-9.984124e-01
-9.984976e-01
-9.985805e-01
-9.986610e-01
-9.987392e-01
-9.988150e-01
-9.988884e-01
-9.989596e-01
-9.990283e-01
-9.990948e-01
-9.991588e-01
-9.992206e-01
-9.992799e-01
-9.993369e-01
-9.993916e-01
-9.994439e-01
-9.994939e-01
-9.995415e-01
-9.995868e-01
-9.996297e-01
-9.996703e-01
-9.997085e-01
-9.997444e-01
-9.997779e-01
-9.998090e-01
-9.998378e-01
-9.998643e-01
-9.998884e-01
-9.999102e-01
-9.999296e-01
-9.999466e-01
-9.999613e-01
-9.999737e-01
-9.999837e-01
-9.999913e-01
-9.999966e-01
-9.999995e-01
-1.000000e+00
-9.999984e-01
-9.999942e-01
-9.999878e-01
-9.999790e-01
-9.999678e-01
-9.999543e-01
-9.999384e-01
-9.999202e-01
-9.998996e-01
-9.998766e-01
-9.998514e-01
-9.998237e-01
-9.997937e-01
-9.997614e-01
-9.997267e-01
-9.996897e-01
-9.996503e-01
-9.996085e-01
-9.995645e-01
-9.995180e-01
-9.994692e-01
-9.994181e-01
-9.993646e-01
-9.993087e-01
-9.992505e-01
-9.991900e-01
-9.991271e-01
-9.990618e-01
-9.989942e-01
-9.989243e-01
-9.988520e-01
-9.987774e-01
-9.987004e-01
-9.986210e-01
-9.985393e-01
-9.984553e-01
-9.983689e-01
-9.982802e-01
-9.981891e-01
-9.980956e-01
-9.979999e-01
-9.979017e-01
-9.978013e-01
-9.976984e-01
-9.975933e-01
-9.974858e-01
-9.973759e-01
-9.972637e-01
-9.971492e-01
-9.970323e-01
-9.969130e-01
-9.967914e-01
-9.966675e-01
-9.965412e-01
-9.964126e-01
-9.962816e-01
-9.961483e-01
-9.960127e-01
-9.958747e-01
-9.957344e-01
-9.955917e-01
-9.954467e-01
-9.952993e-01
-9.951496e-01
-9.949976e-01
-9.948432e-01
-9.946865e-01
-9.945274e-01
-9.943660e-01
-9.942023e-01
-9.940362e-01
-9.938678e-01
-9.936971e-01
-9.935240e-01
-9.933486e-01
-9.931708e-01
-9.929907e-01
-9.928083e-01
-9.926235e-01
-9.924364e-01
-9.922470e-01
-9.920552e-01
-9.918611e-01
-9.916647e-01
-9.914659e-01
-9.912648e-01
-9.910614e-01
-9.908556e-01
-9.906475e-01
-9.904371e-01
-9.902243e-01
-9.900093e-01
-9.897919e-01
-9.895721e-01
-9.893501e-01
-9.891257e-01
-9.888989e-01
-9.886699e-01
-9.884385e-01
-9.882048e-01
-9.879688e-01
-9.877305e-01
-9.874898e-01
-9.872468e-01
-9.870015e-01
-9.867539e-01
-9.865039e-01
-9.862517e-01
-9.859971e-01
-9.857402e-01
-9.854809e-01
-9.852194e-01
-9.849555e-01
-9.846894e-01
-9.844209e-01
-9.841501e-01
-9.838769e-01
-9.836015e-01
-9.833237e-01
-9.830437e-01
-9.827613e-01
-9.824766e-01
-9.821896e-01
-9.819003e-01
-9.816087e-01
-9.813147e-01
-9.810185e-01
-9.807200e-01
-9.804191e-01
-9.801160e-01
-9.798105e-01
-9.795027e-01
-9.791927e-01
-9.788803e-01
-9.785656e-01
-9.782486e-01
-9.779294e-01
-9.776078e-01
-9.772839e-01
-9.769577e-01
-9.766293e-01
-9.762985e-01
-9.759654e-01
-9.756301e-01
-9.752924e-01
-9.749525e-01
-9.746102e-01
-9.742657e-01
-9.739189e-01
-9.735698e-01
-9.732183e-01
-9.728647e-01
-9.725087e-01
-9.721504e-01
-9.717898e-01
-9.714270e-01
-9.710619e-01
-9.706945e-01
-9.703248e-01
-9.699528e-01
-9.695785e-01
-9.692020e-01
-9.688232e-01
-9.684421e-01
-9.680587e-01
-9.676731e-01
-9.672851e-01
-9.668949e-01
-9.665025e-01
-9.661077e-01
-9.657107e-01
-9.653114e-01
-9.649098e-01
-9.645060e-01
-9.640999e-01
-9.636915e-01
-9.632809e-01
-9.628680e-01
-9.624528e-01
-9.620354e-01
-9.616157e-01
-9.611938e-01
-9.607695e-01
-9.603431e-01
-9.599143e-01
-9.594833e-01
-9.590501e-01
-9.586146e-01
-9.581768e-01
-9.577368e-01
-9.572946e-01
-9.568500e-01
-9.564033e-01
-9.559543e-01
-9.555030e-01
-9.550495e-01
-9.545937e-01
-9.541357e-01
-9.536755e-01
-9.532130e-01
-9.527483e-01
-9.522813e-01
-9.518121e-01
-9.513406e-01
-9.508670e-01
-9.503910e-01
-9.499129e-01
-9.494325e-01
-9.489499e-01
-9.484650e-01
-9.479779e-01
-9.474886e-01
-9.469970e-01
-9.465033e-01
-9.460073e-01
-9.455091e-01
-9.450086e-01
-9.445059e-01
-9.440010e-01
-9.434939e-01
-9.429846e-01
-9.424730e-01
-9.419593e-01
-9.414433e-01
-9.409251e-01
-9.404047e-01
-9.398821e-01
-9.393572e-01
-9.388302e-01
-9.383010e-01
-9.377695e-01
-9.372358e-01
-9.367000e-01
-9.361619e-01
-9.356216e-01
-9.350792e-01
-9.345345e-01
-9.339876e-01
-9.334386e-01
-9.328873e-01
-9.323338e-01
-9.317782e-01
-9.312204e-01
-9.306603e-01
-9.300981e-01
-9.295337e-01
-9.289671e-01
-9.283983e-01
-9.278274e-01
-9.272542e-01
-9.266789e-01
-9.261014e-01
-9.255217e-01
-9.249399e-01
-9.243558e-01
-9.237696e-01
-9.231813e-01
-9.225907e-01
-9.219980e-01
-9.214031e-01
-9.208060e-01
-9.202068e-01
-9.196054e-01
-9.190019e-01
-9.183962e-01
-9.177883e-01
-9.171783e-01
-9.165661e-01
-9.159517e-01
-9.153352e-01
-9.147166e-01
-9.140958e-01
-9.134728e-01
-9.128477e-01
-9.122205e-01
-9.115911e-01
-9.109596e-01
-9.103259e-01
-9.096901e-01
-9.090521e-01
-9.084120e-01
-9.077698e-01
-9.071254e-01
-9.064789e-01
-9.058303e-01
-9.051795e-01
-9.045266e-01
-9.038716e-01
-9.032145e-01
-9.025552e-01
-9.018938e-01
-9.012303e-01
-9.005647e-01
-8.998969e-01
-8.992270e-01
-8.985551e-01
-8.978810e-01
-8.972047e-01
-8.965264e-01
-8.958460e-01
-8.951635e-01
-8.944788e-01
-8.937921e-01
-8.931032e-01
-8.924123e-01
-8.917192e-01
-8.910241e-01
-8.903269e-01
-8.896275e-01
-8.889261e-01
-8.882226e-01
-8.875170e-01
-8.868093e-01
-8.860995e-01
-8.853877e-01
-8.846737e-01
-8.839577e-01
-8.832396e-01
-8.825194e-01
-8.817972e-01
-8.810728e-01
-8.803464e-01
-8.796179e-01
-8.788874e-01
-8.781548e-01
-8.774201e-01
-8.766834e-01
-8.759446e-01
-8.752037e-01
-8.744608e-01
-8.737158e-01
-8.729688e-01
-8.722197e-01
-8.714686e-01
-8.707154e-01
-8.699602e-01
-8.692029e-01
-8.684436e-01
-8.676822e-01
-8.669188e-01
-8.661533e-01
-8.653859e-01
-8.646163e-01
-8.638448e-01
-8.630712e-01
-8.622956e-01
-8.615180e-01
-8.607383e-01
-8.599566e-01
-8.591729e-01
-8.583872e-01
-8.575994e-01
-8.568096e-01
-8.560178e-01
-8.552240e-01
-8.544282e-01
-8.536304e-01
-8.528306e-01
-8.520288e-01
-8.512249e-01
-8.504191e-01
-8.496112e-01
-8.488014e-01
-8.479896e-01
-8.471757e-01
-8.463599e-01
-8.455421e-01
-8.447223e-01
-8.439005e-01
-8.430767e-01
-8.422510e-01
-8.414233e-01
-8.405935e-01
-8.397618e-01
-8.389282e-01
-8.380925e-01
-8.372549e-01
-8.364153e-01
-8.355738e-01
-8.347303e-01
-8.338848e-01
-8.330374e-01
-8.321880e-01
-8.313366e-01
-8.304833e-01
-8.296281e-01
-8.287708e-01
-8.279117e-01
-8.270506e-01
-8.261875e-01
-8.253225e-01
-8.244556e-01
-8.235867e-01
-8.227159e-01
-8.218431e-01
-8.209684e-01
-8.200918e-01
-8.192133e-01
-8.183328e-01
-8.174504e-01
-8.165661e-01
-8.156799e-01
-8.147917e-01
-8.139016e-01
-8.130097e-01
-8.121158e-01
-8.112199e-01
-8.103222e-01
-8.094226e-01
-8.085211e-01
-8.076176e-01
-8.067123e-01
-8.058051e-01
-8.048960e-01
-8.039850e-01
-8.030721e-01
-8.021573e-01
-8.012406e-01
-8.003220e-01
-7.994016e-01
-7.984793e-01
-7.975550e-01
-7.966290e-01
-7.957010e-01
-7.947712e-01
-7.938395e-01
-7.929059e-01
-7.919705e-01
-7.910332e-01
-7.900941e-01
-7.891531e-01
-7.882102e-01
-7.872655e-01
-7.863189e-01
-7.853705e-01
-7.844202e-01
-7.834681e-01
-7.825142e-01
-7.815584e-01
-7.806007e-01
-7.796413e-01
-7.786800e-01
-7.777168e-01
-7.767519e-01
-7.757851e-01
-7.748165e-01
-7.738460e-01
-7.728738e-01
-7.718997e-01
-7.709238e-01
-7.699461e-01
-7.689666e-01
-7.679853e-01
-7.670021e-01
-7.660172e-01
-7.650305e-01
-7.640419e-01
-7.630516e-01
-7.620595e-01
-7.610656e-01
-7.600699e-01
-7.590724e-01
-7.580731e-01
-7.570720e-01
-7.560692e-01
-7.550646e-01
-7.540582e-01
-7.530500e-01
-7.520400e-01
-7.510283e-01
-7.500149e-01
-7.489996e-01
-7.479826e-01
-7.469639e-01
-7.459433e-01
-7.449211e-01
-7.438970e-01
-7.428713e-01
-7.418437e-01
-7.408145e-01
-7.397835e-01
-7.387507e-01
-7.377162e-01
-7.366800e-01
-7.356420e-01
-7.346024e-01
-7.335610e-01
-7.325178e-01
-7.314730e-01
-7.304264e-01
-7.293781e-01
-7.283281e-01
-7.272763e-01
-7.262229e-01
-7.251677e-01
-7.241109e-01
-7.230523e-01
-7.219921e-01
-7.209301e-01
-7.198665e-01
-7.188011e-01
-7.177341e-01
-7.166654e-01
-7.155950e-01
-7.145229e-01
-7.134491e-01
-7.123737e-01
-7.112966e-01
-7.102178e-01
-7.091373e-01
-7.080552e-01
-7.069714e-01
-7.058859e-01
-7.047988e-01
-7.037100e-01
-7.026196e-01
-7.015275e-01
-7.004337e-01
-6.993383e-01
-6.982413e-01
-6.971426e-01
-6.960423e-01
-6.949404e-01
-6.938368e-01
-6.927316e-01
-6.916247e-01
-6.905163e-01
-6.894062e-01
-6.882945e-01
-6.871811e-01
-6.860662e-01
-6.849496e-01
-6.838314e-01
-6.827116e-01
-6.815902e-01
-6.804673e-01
-6.793427e-01
-6.782165e-01
-6.770887e-01
-6.759593e-01
-6.748283e-01
-6.736958e-01
-6.725616e-01
-6.714259e-01
-6.702886e-01
-6.691497e-01
-6.680093e-01
-6.668673e-01
-6.657237e-01
-6.645785e-01
-6.634318e-01
-6.622835e-01
-6.611337e-01
-6.599823e-01
-6.588293e-01
-6.576748e-01
-6.565188e-01
-6.553612e-01
-6.542021e-01
-6.530414e-01
-6.518792e-01
-6.507155e-01
-6.495502e-01
-6.483834e-01
-6.472151e-01
-6.460453e-01
-6.448739e-01
-6.437010e-01
-6.425266e-01
-6.413507e-01
-6.401733e-01
-6.389944e-01
-6.378140e-01
-6.366321e-01
-6.354486e-01
-6.342637e-01
-6.330773e-01
-6.318894e-01
-6.307001e-01
-6.295092e-01
-6.283169e-01
-6.271230e-01
-6.259277e-01
-6.247310e-01
-6.235327e-01
-6.223330e-01
-6.211319e-01
-6.199292e-01
-6.187252e-01
-6.175196e-01
-6.163126e-01
-6.151042e-01
-6.138943e-01
-6.126830e-01
-6.114702e-01
-6.102560e-01
-6.090403e-01
-6.078233e-01
-6.066047e-01
-6.053848e-01
-6.041635e-01
-6.029407e-01
-6.017165e-01
-6.004909e-01
-5.992638e-01
-5.980354e-01
-5.968056e-01
-5.955743e-01
-5.943417e-01
-5.931076e-01
-5.918722e-01
-5.906353e-01
-5.893971e-01
-5.881575e-01
-5.869165e-01
-5.856742e-01
-5.844304e-01
-5.831853e-01
-5.819388e-01
-5.806909e-01
-5.794417e-01
-5.781911e-01
-5.769392e-01
-5.756859e-01
-5.744312e-01
-5.731752e-01
-5.719178e-01
-5.706591e-01
-5.693991e-01
-5.681377e-01
-5.668749e-01
-5.656109e-01
-5.643455e-01
-5.630788e-01
-5.618107e-01
-5.605414e-01
-5.592707e-01
-5.579987e-01
-5.567254e-01
-5.554508e-01
-5.541749e-01
-5.528976e-01
-5.516191e-01
-5.503393e-01
-5.490582e-01
-5.477758e-01
-5.464921e-01
-5.452071e-01
-5.439208e-01
-5.426333e-01
-5.413445e-01
-5.400544e-01
-5.387630e-01
-5.374704e-01
-5.361765e-01
-5.348813e-01
-5.335849e-01
-5.322872e-01
-5.309883e-01
-5.296881e-01
-5.283867e-01
-5.270841e-01
-5.257802e-01
-5.244750e-01
-5.231687e-01
-5.218611e-01
-5.205522e-01
-5.192422e-01
-5.179309e-01
-5.166184e-01
-5.153047e-01
-5.139898e-01
-5.126737e-01
-5.113563e-01
-5.100378e-01
-5.087181e-01
-5.073971e-01
-5.060750e-01
-5.047517e-01
-5.034272e-01
-5.021015e-01
-5.007746e-01
-4.994466e-01
-4.981174e-01
-4.967870e-01
-4.954554e-01
-4.941227e-01
-4.927888e-01
-4.914538e-01
-4.901176e-01
-4.887802e-01
-4.874417e-01
-4.861021e-01
-4.847613e-01
-4.834193e-01
-4.820763e-01
-4.807321e-01
-4.793867e-01
-4.780403e-01
-4.766927e-01
-4.753440e-01
-4.739942e-01
-4.726432e-01
-4.712912e-01
-4.699380e-01
-4.685837e-01
-4.672284e-01
-4.658719e-01
-4.645143e-01
-4.631557e-01
-4.617959e-01
-4.604351e-01
-4.590732e-01
-4.577102e-01
-4.563461e-01
-4.549810e-01
-4.536148e-01
-4.522475e-01
-4.508792e-01
-4.495097e-01
-4.481393e-01
-4.467678e-01
-4.453952e-01
-4.440216e-01
-4.426469e-01
-4.412712e-01
-4.398945e-01
-4.385167e-01
-4.371379e-01
-4.357581e-01
-4.343772e-01
-4.329954e-01
-4.316125e-01
-4.302286e-01
-4.288436e-01
-4.274577e-01
-4.260708e-01
-4.246828e-01
-4.232939e-01
-4.219039e-01
-4.205130e-01
-4.191211e-01
-4.177282e-01
-4.163343e-01
-4.149395e-01
-4.135436e-01
-4.121468e-01
-4.107490e-01
-4.093503e-01
-4.079506e-01
-4.065499e-01
-4.051483e-01
-4.037457e-01
-4.023422e-01
-4.009377e-01
-3.995323e-01
-3.981259e-01
-3.967186e-01
-3.953104e-01
-3.939013e-01
-3.924912e-01
-3.910802e-01
-3.896683e-01
-3.882554e-01
-3.868417e-01
-3.854270e-01
-3.840114e-01
-3.825950e-01
-3.811776e-01
-3.797593e-01
-3.783401e-01
-3.769201e-01
-3.754992e-01
-3.740773e-01
-3.726546e-01
-3.712310e-01
-3.698066e-01
-3.683813e-01
-3.669551e-01
-3.655280e-01
-3.641001e-01
-3.626714e-01
-3.612417e-01
-3.598113e-01
-3.583800e-01
-3.569478e-01
-3.555148e-01
-3.540810e-01
-3.526463e-01
-3.512108e-01
-3.497745e-01
-3.483373e-01
-3.468994e-01
-3.454606e-01
-3.440210e-01
-3.425806e-01
-3.411394e-01
-3.396974e-01
-3.382546e-01
-3.368110e-01
-3.353666e-01
-3.339214e-01
-3.324754e-01
-3.310286e-01
-3.295811e-01
-3.281328e-01
-3.266837e-01
-3.252339e-01
-3.237833e-01
-3.223319e-01
-3.208798e-01
-3.194269e-01
-3.179732e-01
-3.165189e-01
-3.150637e-01
-3.136079e-01
-3.121512e-01
-3.106939e-01
-3.092358e-01
-3.077770e-01
-3.063175e-01
-3.048573e-01
-3.033963e-01
-3.019346e-01
-3.004722e-01
-2.990091e-01
-2.975453e-01
-2.960809e-01
-2.946157e-01
-2.931498e-01
-2.916832e-01
-2.902159e-01
-2.887480e-01
-2.872794e-01
-2.858101e-01
-2.843401e-01
-2.828695e-01
-2.813982e-01
-2.799262e-01
-2.784536e-01
-2.769803e-01
-2.755064e-01
-2.740318e-01
-2.725566e-01
-2.710807e-01
-2.696042e-01
-2.681271e-01
-2.666493e-01
-2.651709e-01
-2.636919e-01
-2.622123e-01
-2.607320e-01
-2.592511e-01
-2.577697e-01
-2.562876e-01
-2.548049e-01
-2.533216e-01
-2.518377e-01
-2.503532e-01
-2.488682e-01
-2.473825e-01
-2.458963e-01
-2.444095e-01
-2.429221e-01
-2.414342e-01
-2.399456e-01
-2.384566e-01
-2.369669e-01
-2.354767e-01
-2.339859e-01
-2.324946e-01
-2.310028e-01
-2.295104e-01
-2.280174e-01
-2.265240e-01
-2.250300e-01
-2.235354e-01
-2.220404e-01
-2.205448e-01
-2.190487e-01
-2.175521e-01
-2.160549e-01
-2.145573e-01
-2.130591e-01
-2.115605e-01
-2.100614e-01
-2.085617e-01
-2.070616e-01
-2.055610e-01
-2.040599e-01
-2.025583e-01
-2.010563e-01
-1.995537e-01
-1.980507e-01
-1.965473e-01
-1.950434e-01
-1.935390e-01
-1.920341e-01
-1.905288e-01
-1.890231e-01
-1.875169e-01
-1.860103e-01
-1.845032e-01
-1.829958e-01
-1.814878e-01
-1.799795e-01
-1.784707e-01
-1.769615e-01
-1.754519e-01
-1.739419e-01
-1.724314e-01
-1.709206e-01
-1.694094e-01
-1.678977e-01
-1.663857e-01
-1.648733e-01
-1.633605e-01
-1.618473e-01
-1.603337e-01
-1.588197e-01
-1.573054e-01
-1.557907e-01
-1.542756e-01
-1.527602e-01
-1.512444e-01
-1.497283e-01
-1.482118e-01
-1.466949e-01
-1.451778e-01
-1.436602e-01
-1.421424e-01
-1.406242e-01
-1.391056e-01
-1.375868e-01
-1.360676e-01
-1.345481e-01
-1.330283e-01
-1.315081e-01
-1.299877e-01
-1.284669e-01
-1.269459e-01
-1.254245e-01
-1.239029e-01
-1.223810e-01
-1.208587e-01
-1.193362e-01
-1.178135e-01
-1.162904e-01
-1.147671e-01
-1.132434e-01
-1.117196e-01
-1.101954e-01
-1.086710e-01
-1.071464e-01
-1.056215e-01
-1.040963e-01
-1.025709e-01
-1.010453e-01
-9.951942e-02
-9.799331e-02
-9.646697e-02
-9.494041e-02
-9.341361e-02
-9.188660e-02
-9.035938e-02
-8.883194e-02
-8.730429e-02
-8.577644e-02
-8.424838e-02
-8.272013e-02
-8.119168e-02
-7.966305e-02
-7.813422e-02
-7.660521e-02
-7.507602e-02
-7.354665e-02
-7.201712e-02
-7.048741e-02
-6.895753e-02
-6.742750e-02
-6.589730e-02
-6.436695e-02
-6.283645e-02
-6.130580e-02
-5.977501e-02
-5.824407e-02
-5.671300e-02
-5.518180e-02
-5.365046e-02
-5.211900e-02
-5.058742e-02
-4.905572e-02
-4.752390e-02
-4.599197e-02
-4.445993e-02
-4.292779e-02
-4.139555e-02
-3.986321e-02
-3.833077e-02
-3.679825e-02
-3.526564e-02
-3.373295e-02
-3.220017e-02
-3.066732e-02
-2.913440e-02
-2.760141e-02
-2.606836e-02
-2.453524e-02
-2.300207e-02
-2.146884e-02
-1.993557e-02
-1.840224e-02
-1.686887e-02
-1.533547e-02
-1.380202e-02
-1.226855e-02
-1.073504e-02
-9.201510e-03
-7.667958e-03
-6.134388e-03
-4.600804e-03
-3.067209e-03
-1.533606e-03
